20 true
15 4 7 15 2 15 0 16 9 2 12 9 17 3 15 11 3 18 10 5 
5 3 15 17 11 6 10 16 10 10 1 2 14 3 17 3 19 3 3 13 
15 4 3 5 12 6 16 3 19 9 18 0 19 9 15 7 7 3 15 11 
5 1 12 14 9 2 6 13 18 8 19 0 11 15 8 9 17 15 18 5 
6 8 11 9 11 19 15 8 18 18 2 11 3 4 15 14 13 8 11 4 
5 13 2 11 14 9 14 11 11 19 1 16 0 3 11 10 19 17 0 17 
16 0 9 2 0 3 12 13 13 3 6 13 17 13 3 1 19 16 14 2 
13 18 1 13 14 8 14 0 0 18 10 15 12 12 2 9 8 11 16 15 
13 5 14 7 19 0 6 6 16 4 1 17 16 6 13 4 5 1 8 0 
16 18 6 17 11 5 17 14 0 9 14 5 2 15 19 7 4 10 17 11 
13 11 7 13 9 7 5 12 8 0 13 5 8 9 9 3 15 2 5 1 
15 14 6 4 3 15 12 15 0 12 13 14 10 5 1 10 1 19 2 15 
17 11 1 9 6 7 4 3 3 5 13 13 13 13 11 15 3 6 6 8 
18 6 3 9 18 0 13 12 18 11 4 13 8 1 6 13 16 4 13 8 
7 14 10 19 16 9 9 14 4 5 5 6 15 7 1 19 17 8 12 19 
12 12 0 19 8 6 5 6 9 14 17 16 16 0 5 4 6 12 8 2 
10 11 15 17 0 16 3 9 1 19 17 4 10 5 10 17 1 13 4 10 
6 11 18 15 6 1 2 9 9 3 7 7 0 3 5 11 16 15 10 2 
9 18 13 0 12 9 5 19 4 1 12 14 7 5 15 3 14 7 6 6 
14 4 2 12 12 0 4 16 12 17 3 13 19 13 19 1 4 13 19 15 
