20 true
4 14 3 8 11 14 7 16 8 0 17 18 19 11 0 13 2 10 15 13 
12 14 5 2 6 9 11 10 13 17 9 17 4 2 10 19 13 16 18 17 
18 6 4 14 4 12 5 4 14 1 2 16 13 5 6 4 8 7 6 16 
2 9 3 7 12 1 1 17 19 6 11 7 3 13 18 13 14 4 7 18 
10 19 10 12 15 13 0 19 7 8 10 10 3 5 5 3 6 15 18 15 
2 4 7 12 14 4 19 18 11 11 19 5 15 16 4 4 9 16 8 7 
16 2 7 7 14 4 18 15 8 13 16 17 9 1 11 15 4 13 4 2 
8 4 3 6 13 0 4 4 14 1 0 9 15 4 18 13 0 9 16 18 
3 14 9 15 5 1 1 8 7 0 6 19 17 4 7 3 1 8 18 17 
14 9 1 10 14 15 7 13 6 8 4 8 18 8 10 4 12 0 8 17 
19 12 14 11 14 6 3 17 9 10 13 3 5 15 2 18 14 12 18 9 
13 3 4 8 3 1 11 11 2 3 13 3 2 14 11 5 8 18 15 6 
18 6 13 18 10 17 5 4 10 6 6 9 4 15 3 14 13 14 7 13 
7 11 17 18 6 3 5 1 7 10 2 11 1 9 14 14 12 10 5 12 
4 7 1 0 0 18 13 11 10 8 3 16 1 4 0 16 12 13 16 7 
17 3 10 0 14 10 17 15 15 0 15 5 17 16 5 15 9 17 9 2 
17 19 10 5 1 6 1 12 10 17 0 17 10 8 1 18 12 15 11 18 
9 7 14 0 2 9 1 12 11 7 7 1 18 12 11 13 7 14 7 7 
8 7 8 7 3 10 11 1 6 16 6 10 17 14 19 18 8 7 11 6 
2 7 4 19 8 3 19 3 5 8 6 10 9 3 9 19 19 8 9 18 
