20 true
12 18 5 17 10 11 17 7 1 11 6 19 12 15 11 9 15 5 5 4 
2 13 14 9 0 1 3 12 9 9 10 2 0 18 10 13 8 16 7 10 
9 15 2 7 18 4 5 14 0 12 13 5 14 17 0 13 5 1 17 5 
4 11 12 12 10 3 4 9 8 5 14 5 11 17 8 5 7 13 8 5 
13 15 15 14 19 8 4 1 8 4 9 19 4 1 1 10 3 1 11 2 
11 0 15 7 12 1 9 15 5 7 12 2 6 13 17 16 18 13 14 19 
5 5 10 0 17 15 13 7 0 3 1 0 4 1 14 0 2 1 6 1 
17 9 4 16 7 1 19 7 1 16 16 4 10 4 11 15 6 12 16 3 
4 6 10 13 14 13 19 19 2 1 19 11 13 9 16 17 12 15 6 6 
15 6 6 14 1 8 15 2 12 13 3 8 3 11 1 4 13 5 14 10 
4 6 17 1 19 17 17 9 6 5 3 18 10 6 14 5 17 6 9 4 
15 19 5 15 14 13 18 11 18 12 12 4 13 11 4 8 15 19 16 2 
15 15 5 2 3 12 5 0 3 19 13 15 1 8 17 12 13 2 18 10 
15 15 8 4 11 15 1 6 0 18 12 14 5 2 6 18 15 12 17 0 
18 8 18 16 5 6 14 3 15 14 8 11 11 11 1 19 14 11 4 1 
17 3 17 1 9 10 16 13 3 0 12 5 4 6 19 2 13 9 18 14 
15 17 11 9 3 14 11 10 2 9 16 13 8 16 3 7 10 8 4 3 
13 9 2 13 4 2 8 1 12 16 9 5 17 4 5 0 17 6 5 18 
4 18 18 15 17 0 2 15 6 15 12 11 2 19 5 1 11 13 7 17 
8 3 17 9 1 1 15 8 19 2 5 12 8 8 11 15 10 10 15 13 
