20 true
1 11 5 12 16 5 17 7 7 15 8 6 1 15 13 13 12 2 5 4 
17 5 1 11 15 6 13 15 17 11 10 13 5 18 17 12 9 17 5 14 
5 7 16 13 3 8 1 16 1 0 3 14 19 0 14 1 0 0 19 3 
7 1 18 6 0 16 8 11 16 0 4 16 7 19 8 3 6 1 11 15 
13 7 19 14 14 18 0 17 15 5 9 12 19 7 13 5 11 3 7 19 
4 1 15 18 19 7 4 3 4 7 4 11 1 12 8 15 9 13 11 16 
19 16 0 3 13 12 4 17 5 6 18 0 11 11 17 2 0 5 12 14 
3 9 6 5 18 5 19 3 14 8 2 11 6 14 13 9 13 3 4 0 
15 17 6 6 0 4 0 14 10 11 10 19 14 0 16 19 13 4 3 14 
3 5 1 9 14 14 11 0 11 14 12 13 16 17 11 18 4 5 11 9 
9 15 18 14 0 4 10 8 10 11 8 15 1 4 18 15 10 15 10 13 
6 1 11 13 2 18 17 5 11 2 7 15 6 6 12 19 16 7 5 18 
7 13 11 3 14 13 8 11 17 11 10 16 10 8 9 7 7 3 19 9 
11 3 15 10 17 7 0 9 1 11 5 10 9 10 11 15 3 6 18 19 
17 9 8 4 16 17 10 14 2 9 7 18 5 4 0 0 19 11 9 9 
5 7 13 10 4 16 14 7 4 13 8 18 11 18 13 3 4 18 7 7 
2 19 12 2 9 2 3 18 14 4 2 3 3 9 10 5 5 15 11 16 
1 0 7 17 8 3 3 16 18 13 19 13 18 2 8 19 15 3 9 4 
3 3 4 9 3 2 12 4 15 8 16 7 5 5 6 16 14 8 13 1 
15 12 16 2 1 16 2 10 1 11 17 3 4 11 10 18 4 9 1 2 
