20 true
13 6 14 7 13 15 7 14 3 0 1 14 8 0 1 13 12 6 5 1 
7 16 8 19 0 3 16 19 19 2 6 13 18 7 13 18 0 6 13 13 
11 15 16 10 2 7 8 9 11 14 1 3 4 13 11 1 0 14 12 16 
0 7 4 19 7 9 14 16 7 3 15 3 16 2 13 8 16 15 17 0 
2 4 5 5 12 10 17 16 4 13 7 5 3 1 3 15 5 6 5 13 
4 5 4 1 5 11 18 14 13 15 9 17 13 8 6 1 5 11 19 7 
3 7 10 7 16 15 12 1 17 16 5 18 10 17 0 11 9 6 6 6 
9 17 6 7 9 4 9 5 19 4 14 11 9 1 8 7 8 7 3 8 
4 8 6 16 2 14 15 8 16 7 16 6 18 1 6 11 8 4 15 6 
9 18 7 2 10 3 5 17 12 5 1 10 19 1 15 13 13 3 12 4 
19 13 9 0 5 4 1 7 7 19 9 5 9 15 16 19 16 6 14 19 
11 6 12 16 2 3 6 18 0 5 18 16 16 11 14 3 14 16 12 0 
17 17 8 14 4 3 8 6 3 16 14 6 10 12 2 4 18 7 0 17 
10 12 16 19 16 17 19 12 3 13 0 5 15 9 3 12 1 0 0 14 
13 12 11 13 3 3 4 6 5 2 14 1 6 0 12 10 5 9 1 2 
4 11 18 5 3 12 2 16 17 17 3 18 7 7 18 16 5 2 12 11 
8 13 6 3 15 11 16 1 6 17 10 12 13 19 18 13 7 0 6 9 
7 0 10 13 0 17 7 7 8 11 8 0 5 11 18 10 4 11 15 1 
13 9 12 0 16 14 10 0 19 11 9 0 15 11 4 3 14 5 1 0 
19 3 11 14 9 4 17 7 18 5 17 10 2 11 8 10 11 17 15 0 
