20 true
6 2 19 7 1 5 18 2 5 16 3 12 1 12 15 17 7 13 4 16 
11 6 6 6 3 14 3 6 17 3 14 1 4 5 10 13 6 11 19 1 
7 16 0 0 0 9 3 19 9 8 13 10 10 16 7 9 12 10 18 5 
13 0 1 17 12 13 8 12 2 6 1 18 16 0 10 18 1 13 3 13 
11 10 9 9 8 18 16 0 8 15 12 6 17 4 1 15 6 7 1 14 
7 1 0 2 18 3 14 18 19 11 11 12 16 17 0 2 3 5 8 13 
7 16 15 7 17 5 4 10 6 5 13 15 2 10 3 15 9 12 18 13 
1 2 18 4 18 2 1 18 8 14 3 18 7 7 5 18 2 0 13 16 
5 14 17 15 8 8 8 10 8 2 19 7 6 17 2 19 10 9 11 3 
13 15 6 6 10 5 10 10 3 17 4 5 13 6 3 12 12 5 4 9 
16 12 4 4 9 13 6 10 8 12 12 9 18 5 14 2 3 5 15 5 
9 7 10 3 9 1 7 17 15 14 15 12 18 13 5 13 12 16 4 13 
11 19 15 6 9 13 1 14 6 16 11 5 19 10 15 8 3 12 2 7 
9 6 15 6 6 15 4 14 3 3 14 0 19 3 15 11 3 14 2 8 
19 7 18 11 16 11 4 3 16 5 12 5 2 4 9 0 8 2 17 15 
18 2 14 8 1 7 11 4 2 13 12 0 11 4 7 3 15 3 6 10 
8 5 9 1 14 5 7 0 6 14 5 1 1 11 13 15 4 4 18 4 
0 3 5 4 18 17 5 8 15 13 8 0 10 17 19 1 18 5 18 18 
6 11 3 8 11 4 8 0 4 6 11 13 4 3 1 0 0 1 6 10 
8 15 17 12 11 4 8 2 8 11 0 5 2 14 15 17 10 14 1 14 
