20 true
8 16 0 10 1 6 15 7 12 19 0 15 7 9 6 8 12 2 2 18 
0 14 18 13 18 11 12 8 4 9 0 9 0 8 19 4 16 7 4 18 
7 0 6 6 0 8 19 11 9 12 1 16 16 11 13 7 5 8 7 15 
14 6 7 15 17 14 14 12 4 19 8 17 8 6 10 14 10 10 14 10 
3 5 15 6 2 0 0 8 18 15 9 4 14 8 8 5 10 13 11 5 
3 7 17 16 9 15 2 3 19 17 17 2 9 8 4 11 18 10 15 8 
2 9 9 13 7 5 1 12 0 12 8 6 12 12 3 9 17 6 3 8 
16 6 19 10 11 17 11 17 14 14 8 6 15 7 12 0 7 4 13 1 
18 13 3 14 10 8 11 11 2 19 8 0 15 7 19 3 6 2 15 19 
7 14 8 5 8 7 8 14 9 1 11 14 13 2 6 3 11 10 3 19 
10 6 1 18 3 19 12 0 6 6 13 10 12 13 1 12 4 15 18 10 
11 16 7 15 16 10 1 14 15 2 3 12 2 6 5 18 15 13 5 7 
12 1 5 13 10 18 17 0 17 9 11 12 12 7 4 14 1 5 9 6 
2 15 16 17 4 9 9 15 4 2 18 3 8 14 12 19 18 0 13 15 
11 0 0 4 4 3 16 4 1 4 1 6 10 12 3 6 12 5 3 18 
14 19 14 15 16 3 14 3 0 13 16 2 17 4 1 9 13 2 0 1 
10 12 17 15 16 14 14 15 16 9 1 1 4 17 0 4 19 15 0 16 
15 19 12 10 6 18 14 14 18 2 12 10 4 14 1 4 16 4 2 0 
9 9 14 14 19 0 5 1 11 3 13 15 8 9 8 1 5 19 8 10 
5 12 18 16 18 14 5 3 17 9 8 5 16 3 8 15 18 19 13 4 
