20 true
1 16 16 16 9 7 9 14 2 3 15 13 15 10 18 18 14 13 18 19 
6 16 10 0 13 15 7 4 19 7 8 11 10 17 12 8 5 2 9 18 
4 14 15 5 18 3 15 6 9 7 11 3 15 17 12 18 16 10 15 1 
7 6 4 17 1 8 2 11 0 14 18 0 3 12 0 17 7 2 14 19 
13 18 8 12 11 8 5 1 16 3 2 16 1 10 4 7 6 14 8 14 
4 2 3 8 7 6 1 7 11 6 13 11 13 6 18 8 7 11 2 3 
12 17 10 16 13 16 10 8 5 7 18 13 1 13 6 11 19 3 18 12 
4 5 15 8 18 5 7 9 12 14 3 14 6 1 6 4 6 4 4 7 
9 17 15 1 4 17 9 16 3 11 18 16 0 6 1 16 10 4 3 8 
7 4 13 7 14 14 7 7 5 7 3 17 7 15 6 3 3 19 19 10 
12 18 13 3 3 4 11 2 12 9 6 15 17 7 5 13 19 17 2 14 
5 11 1 17 14 3 6 18 4 13 7 16 7 9 2 13 18 9 5 18 
14 8 2 6 0 19 16 8 14 2 13 5 19 0 17 9 17 10 14 9 
12 7 16 12 17 4 12 14 4 7 2 1 3 1 3 15 14 9 17 7 
15 15 3 8 3 2 5 15 3 17 14 16 3 5 12 10 15 13 9 13 
8 16 7 14 7 14 2 16 0 6 6 17 2 4 3 3 4 0 4 14 
19 12 10 0 9 15 18 18 2 19 8 2 18 19 11 10 19 18 10 19 
2 9 16 9 8 1 10 14 9 16 6 18 9 17 7 5 3 6 8 5 
5 4 14 19 8 19 10 8 7 13 13 7 7 15 11 16 0 8 3 2 
17 13 8 7 3 13 4 12 11 0 1 8 13 13 13 6 11 2 17 6 
