20 true
19 14 1 15 7 8 5 3 8 1 7 5 13 16 16 17 5 4 11 10 
6 15 1 1 10 11 2 15 12 4 7 18 13 7 6 9 3 7 15 6 
3 8 4 15 2 19 0 7 18 2 3 5 6 17 18 10 5 9 0 18 
4 16 15 7 7 16 13 17 12 10 7 10 12 2 19 15 11 14 5 1 
19 0 4 3 13 4 10 15 17 7 19 7 6 14 5 0 2 19 8 17 
10 14 6 11 14 7 19 14 10 13 6 5 1 4 9 10 16 11 7 16 
8 0 19 0 19 19 0 4 4 1 8 15 0 10 12 13 0 5 9 7 
11 10 8 18 12 11 1 14 10 13 8 6 13 5 19 16 2 3 16 9 
3 12 14 2 4 10 10 13 3 6 13 4 16 14 17 5 0 11 1 4 
16 10 7 0 6 7 14 13 7 6 9 10 14 14 19 2 9 14 13 5 
17 1 8 7 19 2 8 2 17 19 10 5 9 16 6 14 18 12 6 10 
7 6 18 2 19 3 6 15 17 9 8 3 1 9 13 5 4 3 6 15 
6 13 4 10 16 7 14 8 3 14 13 10 2 8 11 10 1 17 15 12 
2 11 0 12 1 10 2 14 3 1 6 12 0 3 11 16 13 7 11 2 
17 7 3 17 0 3 8 5 10 15 7 7 7 15 12 17 3 10 7 18 
7 5 14 1 2 0 10 13 3 14 2 3 3 8 5 3 12 3 9 11 
17 18 17 18 4 12 16 6 8 15 15 12 7 9 18 6 1 12 15 11 
13 2 5 1 12 16 8 6 18 4 17 10 7 4 16 13 13 11 5 0 
11 13 8 7 7 14 10 14 9 10 19 18 2 14 5 2 0 9 14 0 
13 0 14 15 19 10 12 7 7 12 5 4 3 9 1 16 12 4 14 16 
