20 true
9 6 17 5 17 11 11 19 2 17 13 15 4 16 18 0 7 5 9 1 
11 18 6 3 17 15 4 1 6 17 6 12 3 15 19 4 5 2 3 13 
15 16 4 14 17 4 19 4 6 12 10 5 13 17 19 13 16 4 8 6 
1 6 10 1 5 1 2 5 13 16 17 6 0 17 9 7 17 10 4 1 
3 4 1 18 8 7 16 15 17 15 12 3 0 4 6 3 17 0 9 17 
1 8 3 5 6 17 16 7 3 7 13 7 16 17 1 12 18 11 4 3 
1 16 12 11 10 3 18 16 1 6 3 13 18 6 10 11 0 14 1 19 
8 19 3 6 16 5 13 16 19 13 17 16 1 3 6 6 2 17 18 1 
0 5 6 9 16 0 3 5 10 16 17 10 18 2 8 11 19 8 10 5 
10 17 19 2 6 9 0 3 3 10 3 13 11 14 19 15 16 2 5 7 
1 3 2 12 19 17 7 8 9 10 0 19 6 13 6 15 18 18 18 16 
9 4 4 7 18 4 4 16 19 12 19 12 15 17 17 5 14 2 14 3 
1 18 3 9 7 19 6 7 3 14 17 12 9 11 0 1 5 14 0 16 
14 0 18 3 11 11 7 5 7 17 6 3 16 16 13 12 18 17 2 6 
1 4 17 4 9 2 1 18 3 1 16 9 3 1 16 17 5 10 9 19 
13 10 11 2 3 4 11 0 18 13 15 16 14 9 10 13 7 15 5 13 
10 3 3 1 1 17 7 0 14 13 13 9 13 7 6 17 0 1 2 4 
2 5 3 5 14 4 3 1 7 14 19 11 14 5 15 7 10 11 13 5 
11 0 7 8 14 7 16 3 0 13 0 10 3 14 2 2 14 0 11 11 
13 11 18 9 8 15 14 4 2 4 4 7 6 8 17 0 13 12 9 19 
