20 true
2 13 13 8 2 6 17 12 5 17 7 14 6 0 6 14 1 4 5 15 
11 19 10 7 0 14 9 0 10 19 11 17 18 11 13 12 7 12 1 8 
17 14 8 5 14 17 5 16 18 6 16 19 8 10 1 1 15 1 4 4 
19 16 18 14 1 15 10 7 8 10 16 6 14 2 5 4 6 3 9 4 
11 18 19 15 5 1 18 1 19 14 14 13 6 8 13 11 17 5 17 16 
14 18 7 9 18 2 0 16 5 13 9 10 19 4 8 1 12 15 17 17 
14 14 5 17 1 13 8 18 4 2 4 6 15 16 6 6 0 10 4 19 
6 7 3 14 17 10 19 4 19 6 15 4 17 1 18 6 7 19 15 9 
12 15 4 7 19 16 13 4 4 8 16 7 12 7 16 16 19 5 19 17 
6 12 16 5 8 15 16 3 13 7 12 11 1 13 18 4 5 8 0 12 
17 2 15 6 18 1 10 12 11 3 15 15 2 0 10 6 16 8 11 17 
11 11 14 11 15 16 6 18 7 15 8 9 13 13 8 0 18 1 1 9 
13 3 18 17 13 18 8 14 18 2 9 14 14 4 4 15 13 14 2 13 
7 14 4 1 12 6 3 1 15 14 14 13 17 17 13 7 0 6 11 4 
2 0 5 16 5 8 18 19 7 0 9 9 0 8 6 16 15 12 11 11 
10 17 3 0 11 2 16 6 3 17 6 19 9 18 14 19 8 17 3 16 
10 1 3 15 15 13 8 16 11 17 9 2 12 4 3 13 5 13 10 12 
0 17 6 15 16 2 7 9 10 16 4 4 5 8 1 4 4 15 12 18 
19 11 2 17 17 12 9 11 17 15 0 11 2 4 11 3 4 18 10 17 
5 4 19 10 14 10 19 8 17 3 13 16 6 19 13 13 17 7 9 18 
