20 true
3 17 2 5 5 19 8 5 6 1 13 6 0 6 4 4 12 16 16 19 
2 7 16 14 2 14 9 10 10 10 19 5 5 16 5 3 15 18 4 4 
8 13 17 4 0 0 19 15 6 1 7 4 0 19 9 4 12 7 10 11 
6 1 18 5 9 6 16 12 7 12 10 19 9 16 16 7 3 9 19 10 
16 12 9 14 6 6 16 17 11 7 10 17 7 12 7 4 17 9 6 17 
18 9 6 13 11 12 6 4 10 4 19 19 17 18 2 3 9 9 6 0 
1 6 11 12 5 19 4 11 12 16 6 9 13 16 15 13 2 11 19 7 
9 19 6 13 9 11 2 4 3 8 13 4 13 13 4 8 6 3 7 9 
10 6 10 11 6 8 3 15 17 16 15 8 14 17 4 18 18 17 13 1 
2 15 10 13 5 12 9 6 7 16 2 13 0 14 1 1 15 18 18 7 
4 9 15 19 8 14 7 9 17 2 19 4 0 1 11 11 17 13 4 2 
10 14 17 13 1 14 2 1 6 11 19 3 8 4 8 6 2 19 15 18 
12 1 4 19 19 6 5 2 6 2 8 6 19 10 3 14 19 4 14 6 
6 15 4 3 16 5 14 16 2 11 14 8 9 1 15 17 14 3 2 10 
18 12 3 19 13 4 1 9 1 1 19 17 19 12 11 11 14 12 5 16 
5 17 3 18 2 14 10 13 11 4 8 13 15 11 1 5 9 10 18 3 
14 3 5 4 0 12 8 8 6 2 6 4 19 17 17 10 5 6 3 10 
16 18 17 0 11 5 13 2 6 7 1 16 8 2 9 6 10 10 8 1 
10 15 8 13 1 12 9 9 17 18 12 11 12 8 5 2 7 7 2 16 
14 6 6 1 0 10 3 4 15 15 3 5 19 9 17 1 2 1 11 0 
