20 true
9 3 3 10 10 16 4 4 0 6 4 6 16 6 13 6 17 15 14 4 
2 6 15 6 10 11 1 17 16 10 15 2 5 19 1 0 4 1 3 8 
12 2 14 6 7 2 10 10 18 2 6 11 16 3 18 4 6 3 19 6 
9 10 17 7 17 1 9 12 5 7 3 4 2 0 4 16 9 10 16 5 
9 1 2 12 7 18 12 12 15 16 19 8 12 1 0 4 9 12 2 10 
18 7 10 17 12 9 2 7 1 15 7 8 7 15 6 18 6 3 5 8 
1 12 13 1 3 15 18 5 0 8 0 19 10 19 14 16 6 13 0 12 
13 5 3 1 10 0 16 3 14 19 10 1 5 17 12 17 1 18 16 19 
17 12 15 10 13 0 6 2 8 9 4 2 18 13 3 10 18 19 0 7 
17 1 5 0 6 6 0 5 16 3 12 5 15 10 19 9 1 7 14 19 
8 12 14 2 19 14 13 0 18 16 2 19 6 14 9 4 1 0 1 14 
1 11 15 12 14 1 3 13 7 9 9 0 5 6 12 19 11 12 14 14 
12 17 19 8 17 7 6 10 10 3 6 11 18 16 5 10 8 18 15 17 
14 17 4 16 0 16 12 8 17 6 16 18 3 0 18 18 12 5 17 16 
7 6 7 13 4 17 17 6 2 18 19 3 7 13 7 18 16 9 11 18 
8 12 2 4 7 15 6 11 10 13 9 12 14 16 7 12 14 7 18 11 
15 19 6 19 16 12 10 11 16 18 2 5 9 19 4 10 6 18 5 4 
4 10 9 11 18 8 19 8 0 2 6 6 12 19 18 8 1 19 8 16 
2 14 19 18 18 8 19 2 10 14 12 9 0 1 16 10 9 2 17 11 
7 1 19 5 9 6 19 9 1 14 2 14 13 15 9 15 0 13 6 2 
