20 true
13 10 18 17 9 15 1 12 1 19 15 4 5 2 10 9 1 19 13 6 
10 17 10 3 9 12 10 8 17 19 6 0 1 7 12 12 6 1 0 3 
19 16 8 5 0 16 19 19 8 5 12 2 2 9 16 11 11 15 11 2 
12 13 2 3 9 6 10 1 12 8 16 2 15 0 17 14 13 17 3 15 
4 6 0 4 16 15 14 4 15 12 12 2 11 0 5 10 18 8 7 7 
19 14 5 12 13 3 3 7 8 11 8 8 3 15 6 6 19 4 9 11 
19 9 11 7 15 19 7 11 3 8 0 16 0 14 7 11 18 10 18 12 
17 6 0 18 16 17 17 8 5 18 2 4 13 0 17 8 2 6 16 11 
9 8 5 11 8 5 4 17 16 16 8 3 2 16 0 13 3 18 0 1 
6 9 15 5 0 2 12 7 6 14 2 5 15 17 10 1 0 19 14 12 
10 18 19 19 0 10 9 3 5 5 9 14 16 16 0 18 0 2 0 6 
12 13 15 3 17 19 11 14 16 14 6 9 17 9 9 19 1 2 8 13 
4 12 15 18 9 1 15 14 19 2 8 0 10 13 1 18 10 3 2 18 
9 5 19 4 13 7 2 8 9 6 13 12 12 7 8 3 16 17 5 7 
6 15 11 4 3 19 5 8 15 0 2 13 11 4 9 13 18 1 6 4 
1 4 0 13 17 14 18 14 12 2 7 5 1 1 2 17 11 13 17 5 
0 11 5 16 5 6 1 14 18 17 5 5 14 19 16 15 13 19 11 6 
19 12 9 10 19 3 12 1 16 13 7 7 8 6 7 1 0 16 10 11 
1 13 14 14 12 19 3 12 10 14 10 3 11 12 10 9 15 11 8 7 
19 6 17 1 15 8 5 13 19 10 8 4 11 6 10 15 14 13 13 9 
