20 true
4 14 19 18 1 13 17 8 12 1 17 6 1 10 0 0 15 8 18 4 
18 14 5 9 8 4 10 2 1 16 1 9 10 15 9 18 4 14 3 2 
10 7 1 4 13 4 1 8 1 9 19 6 17 6 15 9 1 1 9 19 
5 3 11 4 12 0 16 15 6 12 3 17 4 11 15 1 18 10 16 11 
18 1 11 14 9 2 2 3 19 15 11 17 10 10 2 12 14 0 10 18 
1 16 13 11 4 19 3 12 17 7 12 1 2 15 3 11 4 4 19 9 
10 13 6 19 8 4 15 17 16 12 19 13 10 6 18 4 12 8 6 7 
2 9 14 12 8 14 18 17 6 11 17 17 12 10 3 2 14 13 3 1 
11 11 11 12 1 15 5 3 4 16 14 12 6 7 0 15 16 11 16 19 
17 1 13 19 14 6 8 10 12 1 6 2 6 0 6 19 8 15 17 11 
12 10 5 17 15 6 12 14 15 4 2 2 2 8 6 14 16 17 7 1 
9 9 19 1 3 17 3 12 15 12 14 5 8 3 10 1 9 6 1 7 
9 8 0 13 4 15 4 10 17 2 14 2 13 19 8 7 5 19 12 2 
9 0 18 5 7 16 0 12 6 9 6 2 6 13 8 1 0 5 15 2 
12 1 13 10 9 10 0 1 15 19 2 19 2 16 9 0 7 4 18 19 
11 19 1 13 9 11 2 12 13 11 11 7 13 12 5 17 16 11 10 1 
16 4 14 19 10 13 2 15 13 6 16 17 11 6 14 13 1 0 11 6 
4 14 0 8 2 4 10 9 3 12 11 14 0 10 18 2 0 12 17 1 
5 6 14 2 4 18 18 17 17 4 0 17 13 15 19 12 10 0 12 17 
13 7 12 0 7 4 2 7 15 11 12 14 9 0 14 18 17 14 9 13 
