20 true
6 2 3 4 7 19 12 16 19 14 16 12 14 5 19 2 1 11 11 11 
2 13 16 15 2 9 15 17 5 6 1 2 19 4 12 14 17 2 8 2 
13 19 13 3 8 1 16 0 17 17 10 6 11 6 12 7 12 16 1 15 
10 4 10 11 11 17 10 6 8 8 10 8 13 6 15 11 5 6 18 1 
9 9 8 2 16 4 0 6 10 3 16 9 4 8 18 11 11 6 12 19 
5 10 14 7 12 2 18 5 14 3 2 5 6 11 7 16 17 12 9 10 
6 12 11 15 3 9 10 10 18 13 9 6 19 9 10 14 9 13 19 15 
11 13 6 11 9 9 12 12 19 2 12 5 10 14 6 16 14 10 5 8 
9 3 2 18 8 6 1 9 3 19 15 18 3 15 10 14 8 3 18 2 
10 15 9 3 16 11 7 10 16 0 13 3 8 2 12 17 0 13 7 19 
16 15 0 1 15 11 10 13 4 16 6 16 9 16 0 11 19 18 12 4 
5 12 8 7 7 3 2 2 5 14 5 14 15 11 11 16 5 5 2 0 
15 2 2 4 17 0 16 13 10 0 1 8 18 2 19 1 17 14 2 12 
12 0 15 14 8 16 3 18 19 8 10 1 13 4 0 8 19 1 19 14 
19 11 11 14 17 19 4 1 0 6 15 14 8 15 6 11 8 9 4 4 
13 8 11 9 3 13 19 11 16 18 13 12 12 15 5 8 3 11 16 4 
0 2 16 10 12 12 6 17 14 15 13 17 10 0 18 19 15 9 18 8 
16 2 14 19 8 14 6 12 1 14 3 9 16 2 11 9 16 15 15 7 
7 18 4 16 14 11 13 12 5 3 12 12 9 14 14 12 18 6 8 9 
15 12 1 0 18 8 15 18 10 18 10 19 7 3 1 12 0 12 17 15 
