20 true
7 2 16 17 15 16 0 15 0 7 17 3 15 11 8 7 9 6 13 12 
7 11 13 15 19 7 13 12 6 5 8 6 2 7 18 7 11 13 15 12 
0 19 10 14 3 13 17 19 8 9 2 12 18 18 18 10 13 10 12 19 
15 3 5 7 3 14 19 9 6 1 11 7 3 8 6 9 2 4 17 14 
4 10 2 2 2 10 17 9 12 3 13 10 5 17 19 19 15 11 7 11 
7 15 15 19 6 13 8 13 11 5 12 2 9 6 11 18 5 15 13 14 
8 2 11 6 3 4 2 2 17 9 19 18 2 5 0 15 11 0 16 4 
19 6 14 4 10 14 10 1 3 14 17 11 6 17 5 9 17 5 5 3 
1 2 18 14 17 9 3 19 10 14 17 12 18 18 10 11 13 19 19 16 
19 4 13 5 4 4 6 7 10 12 13 2 0 6 13 4 16 6 1 15 
7 16 15 13 11 7 11 12 3 11 15 3 14 19 15 3 0 17 11 12 
6 17 0 2 2 10 4 8 18 1 5 18 9 6 2 15 15 7 17 16 
8 13 19 3 12 17 8 16 9 6 14 3 14 0 7 2 10 15 4 3 
12 1 2 3 3 18 0 10 19 2 9 7 11 13 13 2 7 8 3 15 
7 9 18 13 5 14 3 3 16 0 14 1 3 12 16 4 14 8 15 10 
12 1 17 8 4 17 4 16 10 7 3 2 15 17 16 13 11 18 5 3 
3 10 14 4 7 8 3 6 6 0 9 1 3 3 12 7 10 11 8 19 
15 17 13 12 14 6 17 13 7 13 2 12 13 3 12 9 3 1 14 9 
12 8 1 3 1 4 19 15 6 2 11 9 14 1 1 0 14 13 1 10 
14 6 8 13 8 4 15 19 1 4 8 4 8 0 19 11 16 13 19 4 
