20 true
0 15 6 8 7 17 0 12 8 7 16 11 18 3 10 17 6 4 1 13 
17 19 18 11 18 1 8 8 9 11 3 5 6 5 1 7 3 13 16 1 
15 4 19 2 9 3 19 10 5 13 19 15 3 9 3 2 6 15 15 15 
2 13 9 11 8 15 7 7 3 13 10 14 2 5 13 11 11 19 14 10 
14 14 4 18 17 1 3 7 6 17 18 14 11 5 2 0 8 18 1 16 
7 1 9 16 2 5 4 3 3 3 1 6 16 11 16 0 18 8 9 3 
15 18 2 3 7 11 18 17 3 16 18 8 8 12 15 18 10 6 8 4 
19 6 12 15 6 11 16 6 13 15 6 19 15 16 9 9 12 16 5 14 
10 6 14 16 3 14 12 7 19 19 15 3 9 2 14 19 9 4 5 3 
17 13 13 14 16 11 8 5 17 3 6 12 13 16 11 11 11 9 7 7 
5 6 7 9 3 0 1 0 0 18 14 9 19 10 12 16 12 6 17 9 
2 4 7 0 18 11 9 15 19 16 5 13 1 4 19 3 13 11 13 5 
19 15 15 2 12 10 14 12 13 3 11 14 18 19 19 12 3 11 8 9 
19 15 13 15 5 19 14 10 17 0 3 7 9 4 11 12 16 5 2 10 
4 8 3 2 14 17 3 2 0 2 3 12 18 12 5 1 16 17 12 18 
5 16 4 16 9 6 7 15 2 3 13 13 18 14 3 3 17 10 7 12 
6 16 19 12 14 2 5 6 3 19 12 9 1 2 13 5 11 7 5 6 
19 12 2 19 7 2 3 12 2 12 7 18 3 5 5 2 18 17 13 18 
11 19 12 11 7 18 12 7 16 8 10 17 9 15 14 8 5 5 12 1 
3 7 18 18 6 14 14 17 16 1 15 18 9 2 3 13 12 1 18 6 
