20 true
8 8 7 12 6 0 7 1 7 11 15 11 7 3 16 8 18 19 11 2 
3 11 7 6 8 2 14 9 2 13 16 10 2 12 6 14 2 7 7 7 
6 15 10 9 7 11 17 5 15 19 9 19 4 15 6 9 15 12 9 17 
6 2 5 1 15 5 2 11 19 3 1 10 13 7 9 5 7 11 17 4 
16 14 9 12 9 12 9 4 10 6 12 8 18 9 6 18 10 16 18 4 
12 0 3 6 9 0 2 8 10 17 8 6 12 2 2 2 2 4 0 6 
13 1 7 13 15 16 6 12 14 7 8 13 17 9 0 11 19 12 7 17 
10 19 2 3 1 10 11 4 14 2 16 14 19 17 7 10 19 18 6 4 
0 5 9 3 11 5 15 19 12 5 13 17 18 12 17 15 11 4 3 1 
14 8 2 10 3 18 0 18 13 17 4 9 0 11 13 1 1 7 16 1 
13 5 16 19 8 13 2 0 4 13 5 16 3 11 13 4 6 17 10 17 
4 3 6 4 15 7 0 13 11 2 19 6 16 18 12 6 8 7 5 18 
14 12 1 3 15 1 17 19 17 7 15 17 16 5 19 12 9 2 3 8 
6 19 8 12 5 10 16 5 18 15 18 0 19 16 14 17 6 16 15 3 
13 7 13 3 12 19 16 12 7 2 13 16 1 14 4 8 19 18 15 13 
18 14 17 18 14 1 10 0 17 19 4 2 10 18 16 8 7 15 0 4 
1 17 19 4 2 10 16 18 14 15 14 15 19 15 10 5 0 6 5 1 
15 13 19 3 18 10 9 7 5 1 18 0 11 12 15 6 1 0 0 11 
12 7 7 5 13 10 7 2 2 16 1 5 17 7 10 0 13 2 12 10 
6 12 14 18 6 14 4 7 17 7 11 19 13 15 7 7 9 14 9 5 
