20 true
18 11 19 7 10 2 8 18 8 16 1 13 19 8 19 4 14 17 4 1 
8 15 12 5 4 15 3 14 15 3 9 19 12 10 10 16 8 17 0 15 
9 18 10 0 6 14 13 19 16 2 9 9 0 5 7 14 8 8 16 8 
8 11 18 0 19 5 19 16 19 16 5 15 18 9 3 14 15 18 16 12 
9 19 5 15 19 18 2 17 13 0 10 1 11 15 10 10 17 11 6 15 
0 1 9 2 15 5 13 14 11 15 5 1 8 18 13 18 10 12 12 19 
13 9 13 18 19 7 6 4 8 8 10 12 9 9 9 3 3 18 13 4 
13 16 13 8 19 13 16 13 13 10 8 6 1 14 10 10 12 1 9 13 
18 6 15 0 18 16 9 5 5 6 4 6 4 5 19 18 19 16 4 1 
18 6 6 7 8 1 12 11 10 9 12 10 6 18 19 14 1 11 7 13 
15 18 13 18 16 16 15 5 19 1 16 18 7 6 19 9 3 13 2 5 
6 4 6 5 17 7 15 19 19 3 16 13 18 9 16 19 14 19 3 13 
9 18 1 9 18 0 2 7 13 11 9 8 16 11 7 4 18 19 7 2 
3 11 0 7 13 6 4 14 19 9 4 2 16 5 0 12 10 10 7 6 
3 4 8 7 17 14 16 13 12 11 7 16 8 10 9 3 18 2 13 5 
19 4 9 10 8 0 3 17 17 10 4 17 11 2 2 1 10 11 13 3 
6 2 4 7 5 17 15 4 6 10 5 15 1 1 13 19 2 9 16 8 
15 18 12 9 5 0 0 2 11 4 0 12 3 7 1 12 15 2 19 5 
8 16 15 9 6 11 13 10 19 9 13 9 11 13 3 17 18 9 6 12 
11 7 0 0 7 0 2 15 3 6 19 15 13 14 18 9 5 2 19 5 
