20 true
17 8 6 7 13 1 9 7 13 6 1 2 14 19 3 0 19 11 3 2 
12 14 1 10 11 1 8 14 2 10 13 18 13 3 3 15 14 5 13 0 
5 5 19 16 7 14 0 19 16 4 5 17 18 9 7 10 18 6 9 9 
8 4 19 16 15 9 17 3 9 10 12 0 19 2 18 4 10 15 19 7 
6 17 8 18 1 5 19 9 5 13 18 16 15 11 19 3 8 18 7 4 
12 13 19 0 1 19 7 8 6 19 7 11 0 15 16 15 13 18 13 11 
4 1 8 17 6 18 17 11 1 1 7 7 2 5 3 13 1 18 15 8 
2 18 19 17 15 4 10 6 13 15 15 13 10 2 19 8 8 18 15 16 
5 19 4 18 12 12 19 1 18 15 17 1 14 19 13 9 12 1 19 4 
16 7 6 7 18 0 0 1 17 18 14 12 7 0 3 18 15 4 5 15 
18 1 1 5 14 8 16 14 10 19 3 5 16 17 7 6 10 18 14 7 
8 7 13 11 16 0 1 12 16 16 1 4 7 5 18 18 13 7 14 12 
5 16 12 18 1 19 2 7 2 7 10 10 12 1 19 15 19 12 19 17 
14 3 14 7 1 17 8 7 3 14 8 9 17 16 3 11 2 17 8 5 
17 14 18 18 5 19 17 0 17 12 0 7 9 14 12 6 8 18 3 0 
18 14 6 9 14 3 3 16 9 2 8 6 18 12 0 7 13 9 13 16 
5 5 17 3 18 11 9 7 8 8 5 9 18 16 13 17 18 1 4 5 
13 7 3 0 9 16 0 11 15 7 10 17 16 17 1 0 15 15 18 1 
15 8 7 16 13 3 8 16 16 7 16 14 2 7 12 17 6 14 3 12 
5 0 10 16 18 2 13 19 3 11 8 10 16 10 3 16 18 13 14 2 
