20 true
13 4 19 7 12 19 18 1 18 1 15 10 2 10 5 11 19 12 5 12 
19 10 0 7 1 8 16 11 5 15 17 16 9 16 12 9 7 19 17 15 
19 4 9 5 15 11 8 11 1 16 4 7 6 2 15 13 15 13 8 7 
10 13 12 3 10 1 5 7 19 0 6 3 9 11 0 0 2 5 1 19 
6 6 14 18 1 16 15 15 16 5 18 9 5 9 0 17 13 7 18 9 
11 2 15 3 9 6 12 6 10 13 2 7 7 8 18 12 4 14 11 6 
15 2 1 13 17 3 3 15 1 2 2 11 9 13 11 5 7 8 11 7 
3 0 10 5 13 3 4 3 11 15 4 6 1 10 18 18 14 4 3 13 
14 19 1 0 0 19 18 3 7 10 17 13 5 14 10 6 6 19 3 13 
5 18 4 18 15 1 18 16 15 3 13 14 11 16 5 1 18 13 8 15 
9 6 8 4 11 8 14 3 11 14 12 8 5 9 8 11 5 10 9 16 
3 1 14 12 8 3 10 19 16 13 11 1 14 19 11 19 10 8 16 9 
2 10 2 8 16 3 13 15 4 1 15 19 15 7 18 17 4 7 17 12 
15 2 2 7 16 12 8 10 8 8 18 4 2 5 6 18 6 9 6 0 
15 4 16 8 16 7 9 3 0 14 13 11 14 2 7 0 14 15 11 14 
7 15 1 0 18 5 0 17 12 14 7 7 18 12 19 18 2 12 15 11 
3 15 1 19 8 4 10 7 15 13 9 13 3 2 1 14 3 15 3 1 
17 18 2 8 15 14 4 17 9 7 6 1 6 3 13 7 9 3 15 2 
14 9 1 2 0 6 14 12 9 14 15 18 0 19 17 0 19 3 15 4 
11 2 5 17 11 17 19 6 9 6 2 19 2 15 16 11 0 5 14 14 
