20 true
14 14 16 1 7 1 9 10 9 13 5 14 12 10 14 0 0 15 3 11 
3 16 19 13 11 5 3 11 9 11 8 17 3 14 18 4 13 7 11 5 
19 1 3 5 18 9 18 4 7 9 7 9 8 7 15 8 5 13 7 5 
4 9 1 8 7 13 7 17 17 9 0 18 12 3 17 17 16 12 5 9 
11 10 2 8 10 6 3 11 12 18 7 3 14 8 5 4 0 16 9 18 
16 11 1 1 12 7 17 9 19 2 3 13 16 5 19 0 19 1 5 10 
9 10 9 16 0 0 6 14 6 19 1 17 2 11 0 19 3 11 3 16 
15 7 3 6 13 13 2 12 19 15 4 8 1 3 3 0 4 19 0 16 
0 6 1 9 0 13 4 14 15 16 16 3 5 14 4 4 0 10 19 0 
9 10 13 3 3 10 7 16 0 18 19 12 18 0 2 18 0 5 8 11 
15 14 9 11 12 1 8 7 4 16 3 17 14 5 7 17 1 14 6 2 
8 10 5 7 18 5 14 8 1 13 10 9 12 0 8 18 7 17 16 18 
7 9 0 19 13 3 2 6 8 18 10 8 1 4 8 15 5 17 8 6 
19 14 7 16 2 11 1 3 5 7 3 2 10 5 4 2 14 13 2 12 
18 1 16 10 10 9 11 18 12 3 5 15 4 2 15 6 2 3 12 1 
15 19 8 14 9 12 0 17 13 1 15 18 2 18 13 15 0 1 7 0 
17 12 11 15 4 9 15 14 4 9 1 10 14 13 1 2 3 9 19 7 
12 18 11 8 14 5 15 16 1 15 2 8 16 6 12 5 5 2 2 19 
4 3 17 18 0 3 0 12 1 4 19 10 13 18 4 15 12 16 13 14 
5 14 7 5 19 3 0 19 18 15 16 3 9 5 11 1 12 18 14 2 
