20 true
13 5 17 19 3 3 8 4 13 10 3 18 9 15 3 19 11 5 8 8 
18 9 17 4 4 5 10 12 5 10 14 7 13 7 5 19 17 0 13 6 
13 8 13 10 19 1 7 0 8 11 4 15 14 11 18 19 18 19 2 14 
9 5 6 15 18 14 8 19 17 19 10 11 18 3 10 14 2 18 11 14 
4 3 13 3 14 8 17 7 17 5 15 8 13 18 6 3 9 0 13 8 
7 19 17 18 6 18 15 11 11 12 13 10 15 19 11 16 7 3 19 18 
12 14 18 1 10 10 17 0 2 3 12 8 13 14 1 3 14 1 11 3 
7 12 8 9 9 0 11 1 13 9 11 18 15 1 18 5 6 13 17 17 
19 16 6 17 14 11 16 12 11 19 7 13 1 13 2 0 5 12 4 4 
10 14 3 10 12 19 16 6 4 1 17 10 5 7 9 14 0 7 5 6 
15 14 6 9 18 0 17 9 16 3 2 10 0 12 7 9 12 14 8 7 
2 3 11 1 11 11 19 19 7 2 12 8 15 11 2 15 18 1 4 0 
12 14 7 4 9 19 11 3 7 13 3 18 15 4 11 12 19 11 5 7 
0 14 1 13 15 19 18 17 12 16 16 8 6 17 16 9 7 6 17 4 
6 9 15 4 19 14 5 7 8 13 2 11 8 8 4 18 1 5 13 7 
17 12 12 7 5 10 4 11 4 19 0 2 9 5 12 13 17 15 12 12 
2 13 14 12 9 2 1 17 4 8 5 15 2 7 8 5 18 10 17 8 
8 17 12 8 15 10 2 13 0 9 6 3 7 17 19 14 7 3 13 7 
15 18 10 0 19 5 3 9 13 4 19 15 11 4 14 16 13 5 6 9 
4 11 4 13 0 6 5 6 15 1 16 12 14 9 18 14 19 9 13 11 
