20 true
13 0 17 14 8 14 9 4 13 13 4 7 9 8 11 4 18 19 13 1 
12 4 16 7 14 0 19 11 4 6 1 16 8 18 15 18 10 15 7 18 
6 3 0 16 12 4 16 3 4 9 1 10 13 3 4 4 13 18 8 11 
13 7 10 8 5 5 10 2 18 10 3 2 2 3 17 4 17 15 4 0 
6 0 7 2 3 6 17 18 16 16 19 18 2 13 10 2 7 1 0 10 
10 6 10 18 11 17 5 0 5 7 3 9 7 17 10 16 0 6 2 0 
6 5 13 17 12 13 17 19 13 14 1 0 13 15 18 9 2 16 6 9 
16 9 1 19 6 18 7 12 8 9 6 2 8 1 10 9 1 5 1 19 
17 8 4 8 14 13 16 2 7 11 12 17 9 17 15 6 11 15 19 1 
16 9 13 6 11 7 1 2 17 6 9 15 3 4 1 12 2 12 17 6 
5 17 5 0 2 11 17 0 9 17 1 17 3 15 14 14 6 13 19 6 
3 8 7 3 17 4 3 13 11 13 8 17 10 6 17 13 16 10 14 4 
18 4 8 1 13 2 14 19 9 19 15 12 2 14 5 13 3 8 5 11 
14 4 4 10 18 5 14 16 16 11 10 2 13 16 1 14 2 10 5 2 
18 13 16 6 19 7 17 3 16 4 16 5 9 16 7 0 0 5 10 2 
8 15 12 13 4 0 18 9 6 10 3 0 1 12 4 8 17 17 0 12 
8 16 0 11 9 1 16 1 5 16 7 2 5 3 9 17 19 4 8 4 
11 0 8 6 15 7 2 2 0 15 1 17 18 16 13 0 13 6 19 9 
17 1 8 6 15 16 1 16 10 12 5 11 1 15 4 12 4 18 6 8 
19 0 16 18 1 15 5 8 18 9 7 18 18 6 17 7 12 1 9 7 
