20 true
0 6 13 11 9 8 7 4 3 10 15 14 14 18 6 17 6 0 10 8 
14 0 4 14 0 14 18 17 2 12 14 13 13 19 6 10 7 2 4 13 
4 19 0 16 15 7 4 8 17 2 3 6 10 12 14 11 17 14 16 5 
5 5 9 5 6 0 19 0 7 14 18 15 5 0 12 9 3 12 6 15 
16 6 11 13 4 9 5 7 2 1 5 2 9 11 9 17 13 2 12 11 
15 4 4 4 9 6 2 2 14 9 19 16 3 2 19 17 11 14 8 0 
10 1 11 10 4 5 8 17 1 15 5 3 19 3 7 6 18 5 17 5 
10 12 2 15 4 10 8 8 12 10 10 3 19 6 18 7 0 15 7 17 
12 9 16 9 0 5 15 11 18 0 14 7 0 18 16 9 14 18 0 9 
5 11 3 6 0 10 5 3 11 19 13 7 14 1 17 14 2 8 11 3 
19 12 3 16 10 2 7 15 0 1 15 1 14 19 17 3 8 3 7 1 
6 6 9 0 4 7 14 18 10 6 18 15 10 19 10 14 0 11 17 6 
16 11 1 6 10 16 17 15 3 15 0 5 11 14 3 3 19 13 0 1 
11 6 19 10 8 11 15 16 15 4 15 19 9 15 10 19 12 1 1 11 
9 16 0 4 3 11 8 13 11 14 14 8 1 10 11 0 15 12 18 14 
5 18 13 9 19 14 16 18 18 1 10 5 12 9 18 9 3 16 8 12 
0 15 13 8 2 16 0 19 6 0 6 15 16 7 10 3 5 8 0 0 
10 5 8 19 11 9 12 5 9 7 7 16 14 8 12 17 6 4 5 8 
10 13 7 15 17 18 17 7 10 18 19 4 14 12 13 9 8 17 3 12 
7 5 8 17 4 19 0 2 3 1 18 8 6 15 3 11 16 2 12 2 
