20 true
16 2 15 13 7 4 4 1 16 7 7 6 15 10 3 6 14 17 5 16 
13 9 19 0 15 19 14 18 13 11 18 18 6 9 11 8 8 15 0 8 
18 4 8 11 16 16 16 17 1 12 10 1 0 11 1 3 11 0 14 1 
14 4 7 13 17 4 10 16 4 9 5 6 17 1 17 7 17 18 1 19 
12 15 16 16 4 14 7 18 9 19 10 12 10 12 5 2 6 12 8 16 
7 18 7 0 2 10 0 18 15 3 14 4 19 9 4 8 4 19 5 9 
5 14 13 5 0 15 4 15 17 4 12 14 16 13 18 2 17 13 8 2 
16 9 5 6 3 17 18 7 7 12 5 13 17 3 2 16 0 4 6 7 
5 13 17 10 9 19 19 6 4 15 1 2 4 14 1 18 2 19 11 1 
3 6 13 19 17 12 2 1 13 8 17 6 13 8 13 5 5 12 18 15 
5 9 7 1 0 15 0 11 10 9 12 9 18 11 8 4 4 17 14 12 
1 19 10 19 12 13 7 0 8 0 12 1 13 16 2 16 19 8 14 15 
9 18 0 14 10 5 0 12 4 6 16 17 2 1 19 0 0 18 7 1 
2 9 18 3 19 8 6 3 12 19 11 8 4 8 6 15 4 5 15 7 
11 5 10 5 2 16 19 9 4 11 8 15 0 13 10 15 4 18 5 16 
10 18 5 19 1 1 11 9 10 2 4 17 1 7 5 15 10 12 0 1 
17 15 12 19 6 15 2 8 9 16 14 12 3 7 16 1 9 17 1 7 
5 9 16 13 12 0 9 9 3 2 11 17 13 3 18 7 0 13 15 14 
7 7 5 0 11 2 15 12 9 5 1 8 11 7 4 18 10 14 12 16 
13 17 11 0 3 12 6 7 18 3 2 11 3 17 8 18 1 7 11 15 
