20 true
2 12 15 5 8 12 15 17 0 2 19 12 18 3 19 2 8 15 0 9 
13 18 19 14 17 17 17 1 15 9 11 11 12 2 8 7 9 19 9 13 
19 14 13 17 19 1 14 18 18 9 18 19 5 9 10 6 18 5 17 13 
1 18 14 15 4 5 13 14 19 4 1 6 8 11 7 4 13 12 2 9 
1 3 15 0 16 14 7 6 1 14 6 5 11 6 8 10 5 0 19 15 
0 18 0 5 14 2 12 12 12 11 6 19 8 10 3 17 2 10 5 6 
6 3 17 10 19 19 12 17 6 1 3 0 7 6 15 16 16 17 7 10 
2 7 12 12 5 18 11 18 6 13 19 19 16 15 17 4 3 10 10 9 
12 2 13 17 2 2 13 8 1 16 7 10 15 6 6 17 8 4 15 17 
11 19 13 2 19 18 7 12 10 16 9 9 2 10 11 5 12 14 5 14 
2 3 14 1 7 5 18 18 11 18 2 13 3 5 19 12 3 2 2 15 
8 14 2 3 12 11 5 12 2 8 3 7 9 3 8 14 0 1 17 2 
7 1 15 12 13 2 7 2 0 9 16 13 7 12 15 12 11 8 10 13 
7 9 5 19 12 14 2 16 5 15 16 14 4 17 11 10 12 13 7 9 
0 19 17 7 4 17 17 11 11 8 5 0 2 4 15 17 2 6 15 16 
10 13 11 19 5 7 2 6 11 5 12 15 12 13 2 15 18 14 9 0 
3 6 8 12 14 17 12 8 17 2 15 11 17 17 0 0 10 3 3 16 
15 11 1 6 1 11 11 10 1 15 6 8 2 10 16 9 19 5 8 4 
4 13 18 14 4 12 8 13 5 17 18 17 2 8 10 6 4 13 12 4 
17 12 11 0 13 11 19 7 6 12 9 7 11 8 1 9 7 8 11 4 
