20 true
10 19 0 5 5 5 18 11 4 0 8 11 6 6 16 14 14 16 0 4 
18 7 5 11 1 5 12 12 5 3 13 3 11 16 11 9 8 12 9 12 
6 2 5 19 0 3 8 18 5 1 17 9 10 18 15 11 2 8 7 6 
16 5 13 13 1 2 5 0 12 12 2 14 5 16 18 19 12 2 0 10 
19 16 19 12 3 17 5 6 13 14 14 6 1 9 2 17 0 17 0 12 
2 12 2 5 8 1 8 7 16 19 9 12 11 8 17 12 18 3 5 18 
10 12 2 18 12 16 7 18 17 14 8 7 9 11 4 2 19 1 6 19 
3 0 1 15 16 0 9 16 13 18 5 6 10 17 11 0 17 17 10 10 
5 3 12 18 3 15 16 13 18 19 7 13 1 0 13 2 17 19 5 3 
18 12 13 7 1 1 18 16 9 17 14 10 7 17 10 5 16 17 9 1 
18 15 11 18 9 9 17 17 7 2 3 7 14 19 3 12 8 14 4 16 
18 15 0 14 3 3 10 17 4 5 4 14 0 11 4 1 8 2 14 6 
4 8 4 3 12 12 5 14 9 9 4 13 3 1 11 17 7 12 0 11 
4 8 3 0 4 12 6 7 7 4 5 14 0 18 6 6 15 0 15 2 
10 12 1 19 11 8 6 14 2 19 15 9 11 14 7 10 6 18 2 19 
17 5 0 2 6 7 2 19 8 19 15 17 0 10 5 13 16 1 0 0 
3 10 17 13 16 17 7 4 16 13 19 15 18 13 10 15 10 11 7 7 
19 15 1 15 16 19 6 12 16 5 18 12 6 1 4 8 0 13 15 18 
7 16 15 11 1 5 2 18 13 1 11 19 17 0 3 13 19 13 0 18 
16 5 6 15 3 3 14 2 14 1 0 19 2 8 19 0 11 6 6 12 
