20 true
18 6 5 10 7 2 17 3 16 11 19 15 16 16 10 5 18 12 10 9 
16 4 14 7 5 2 17 1 18 13 1 6 12 3 11 8 19 6 13 6 
7 16 12 0 10 17 17 9 16 17 4 16 1 4 13 3 1 4 7 19 
2 1 19 9 3 19 13 6 14 17 14 18 4 13 8 19 15 14 17 7 
13 7 8 1 12 8 10 3 3 4 6 12 19 11 15 6 15 15 2 5 
8 6 14 17 11 18 19 3 8 6 11 10 9 10 2 11 3 13 7 19 
1 15 2 6 17 19 11 12 5 0 11 3 6 5 19 8 4 12 9 6 
16 16 1 6 13 14 10 15 7 12 0 14 5 6 1 9 2 5 2 15 
2 4 2 9 11 13 12 5 11 9 2 13 18 10 15 1 19 5 8 15 
13 12 6 15 19 8 1 11 19 0 7 4 2 18 5 8 14 14 0 1 
4 9 19 19 15 18 0 5 0 11 10 9 11 7 10 8 17 18 7 6 
2 8 4 9 19 14 11 6 1 10 18 2 11 5 18 13 19 9 1 16 
16 13 4 18 11 0 17 18 0 7 19 13 12 1 5 2 11 5 16 18 
15 4 13 2 5 12 6 15 6 7 0 10 8 14 2 7 3 15 7 17 
17 7 19 17 19 5 18 1 0 12 18 18 1 0 12 11 15 13 13 3 
14 19 5 10 17 6 9 9 7 12 18 18 19 6 7 19 15 19 0 10 
2 11 5 10 15 10 16 15 19 8 7 14 4 5 5 2 15 3 18 10 
5 5 9 10 10 7 0 11 4 6 17 4 13 1 10 3 11 6 2 17 
3 9 17 0 2 16 11 0 2 1 8 3 0 8 9 19 1 0 0 7 
2 7 6 0 2 1 6 19 16 17 2 8 8 7 7 10 9 2 17 5 
