20 47 47 true

12 16 16 15 5 2 0 8 1 8 4 10 8 5 17 3 8 1 14 19 
12 0 1 1 7 14 15 5 19 1 17 12 3 9 7 5 19 17 10 15 
12 3 1 6 11 13 5 3 13 13 11 16 10 1 10 11 10 1 7 7 
19 1 19 7 9 18 17 15 4 18 6 19 6 12 17 7 1 18 7 1 
16 18 7 13 18 17 3 6 11 5 4 1 8 18 7 5 8 15 0 10 
19 8 1 6 4 10 14 8 12 11 15 5 19 16 8 18 19 14 10 18 
9 17 19 16 6 8 15 8 1 12 17 3 0 6 1 5 1 13 4 17 
10 17 16 13 16 3 8 11 4 6 2 11 7 18 0 19 0 10 13 2 
9 19 9 14 7 10 6 8 10 0 1 6 16 14 9 11 13 7 10 3 
18 3 0 16 2 3 19 16 15 5 15 1 8 10 13 4 15 3 9 6 
3 4 18 3 7 16 1 7 9 2 5 12 11 12 5 1 9 1 6 18 
12 19 6 10 10 5 17 11 10 4 7 5 2 8 0 18 5 6 3 19 
15 9 17 15 2 0 14 7 13 7 1 9 15 11 7 8 14 8 2 16 
19 0 19 10 0 15 7 8 4 6 18 15 1 13 8 4 17 13 1 14 
7 3 19 8 3 5 8 6 19 0 18 1 13 6 7 13 3 7 18 4 
15 17 15 12 2 12 1 4 16 5 12 10 12 18 13 14 5 10 10 11 
4 10 9 15 18 15 2 6 0 12 3 1 15 6 12 10 0 17 6 15 
12 4 8 3 16 1 14 5 13 17 17 17 0 6 12 4 0 7 1 9 
10 13 4 11 14 2 9 11 6 8 0 0 12 7 12 5 5 13 7 10 
13 14 3 3 2 14 16 18 4 13 2 14 5 1 0 14 3 9 0 11 

2 17 18 
2 1 2 
2 3 4 
2 18 11 
2 18 15 
2 6 10 
2 1 12 
2 17 3 
2 18 19 
2 2 19 
2 7 9 
2 1 4 
2 6 12 
2 1 10 
2 4 6 
2 18 3 
2 4 14 
2 8 12 
2 17 11 
2 18 5 
2 7 14 
2 0 15 
2 17 10 
2 0 12 
2 2 6 
2 4 7 
2 10 13 
2 16 15 
2 18 2 
2 8 14 
2 10 12 
2 8 12 
2 2 6 
2 17 11 
2 18 14 
2 0 6 
2 16 3 
2 8 9 
2 18 12 
2 16 2 
2 1 18 
2 10 13 
2 0 13 
2 16 12 
2 1 9 
2 19 15 
2 4 9 

2 6 10 
2 16 15 
2 9 11 
2 2 11 
2 17 2 
2 2 15 
2 7 14 
2 16 14 
2 18 4 
2 17 12 
2 19 3 
2 1 2 
2 0 3 
2 7 12 
2 19 10 
2 4 14 
2 6 9 
2 8 15 
2 16 11 
2 8 10 
2 7 10 
2 3 4 
2 2 19 
2 0 19 
2 3 10 
2 9 15 
2 7 14 
2 6 9 
2 18 11 
2 7 13 
2 0 7 
2 4 9 
2 16 6 
2 6 8 
2 2 9 
2 5 11 
2 18 3 
2 4 14 
2 2 4 
2 4 9 
2 1 19 
2 3 11 
2 17 7 
2 1 4 
2 11 15 
2 0 8 
2 17 15 
