10 24 24 true

12 16 15 3 17 3 2 13 8 3 
14 0 19 2 2 9 0 1 18 7 
19 8 9 11 18 11 3 19 13 12 
2 3 11 5 10 6 4 14 5 2 
7 18 12 11 3 14 7 0 11 13 
11 4 13 2 10 10 18 12 4 1 
0 6 4 7 2 5 5 9 8 19 
17 6 8 3 15 5 15 18 12 4 
17 11 4 14 14 9 10 14 5 10 
8 12 19 7 10 13 16 15 16 11 

2 6 8 
2 3 6 
2 7 9 
2 1 5 
2 1 3 
2 2 7 
2 0 2 
2 5 6 
2 4 8 
2 3 8 
2 1 9 
2 4 8 
2 1 9 
2 3 8 
2 3 7 
2 2 8 
2 0 4 
2 3 7 
2 1 5 
2 2 4 
2 0 7 
2 1 9 
2 4 5 
2 2 5 

2 0 5 
2 3 5 
2 3 6 
2 1 7 
2 3 7 
2 3 6 
2 7 9 
2 3 7 
2 1 8 
2 2 5 
2 1 2 
2 0 8 
2 3 6 
2 7 9 
2 5 6 
2 5 8 
2 4 9 
2 2 7 
2 0 6 
2 6 9 
2 2 6 
2 2 6 
2 5 6 
2 3 6 
