9 32 32 true

5 7 0 0 8 4 8 19 9 
8 9 13 1 2 11 2 2 18 
18 18 16 18 5 12 17 1 18 
13 7 10 18 18 12 5 12 10 
8 0 19 7 7 1 7 19 6 
3 12 11 17 16 15 10 6 8 
10 18 10 18 4 6 7 2 7 
11 15 0 5 14 17 3 15 14 
1 6 9 6 11 19 17 17 14 

2 1 4 
2 4 5 
2 0 4 
2 5 6 
2 0 5 
2 0 2 
2 0 1 
2 1 4 
2 1 6 
2 3 6 
2 1 6 
2 3 8 
2 4 7 
2 5 8 
2 1 6 
2 0 7 
2 1 8 
2 5 6 
2 1 5 
2 0 6 
2 3 4 
2 2 5 
2 5 7 
2 3 5 
2 1 4 
2 2 5 
2 1 7 
2 1 4 
2 0 7 
2 3 5 
2 0 4 
2 6 7 

2 0 2 
2 6 7 
2 7 8 
2 2 4 
2 1 5 
2 2 8 
2 3 5 
2 1 5 
2 3 8 
2 0 2 
2 0 2 
2 0 4 
2 4 8 
2 3 7 
2 0 4 
2 1 7 
2 2 4 
2 5 8 
2 0 8 
2 7 8 
2 2 5 
2 3 8 
2 4 5 
2 0 7 
2 0 3 
2 6 7 
2 0 5 
2 2 7 
2 0 7 
2 2 3 
2 4 5 
2 0 7 
