9 28 28 true

0 1 2 1 4 18 3 17 2 
8 18 11 6 5 8 19 16 15 
3 10 10 11 4 14 19 9 16 
1 11 0 8 16 1 19 11 4 
17 15 7 18 16 12 2 12 1 
6 1 6 11 1 11 18 11 7 
9 18 2 10 5 18 6 10 3 
16 1 17 10 14 9 13 16 5 
17 4 0 1 0 1 16 7 8 

2 4 8 
2 5 8 
2 1 3 
2 1 6 
2 1 7 
2 2 8 
2 0 7 
2 6 8 
2 6 8 
2 7 8 
2 1 3 
2 4 7 
2 0 5 
2 3 7 
2 1 8 
2 2 6 
2 3 8 
2 1 2 
2 0 2 
2 2 6 
2 3 6 
2 5 8 
2 4 5 
2 6 7 
2 0 3 
2 2 5 
2 1 2 
2 0 7 

2 1 7 
2 4 5 
2 6 8 
2 0 7 
2 2 4 
2 2 8 
2 3 5 
2 0 7 
2 3 8 
2 1 5 
2 2 8 
2 6 7 
2 0 7 
2 1 2 
2 0 3 
2 0 2 
2 5 6 
2 4 5 
2 1 2 
2 4 5 
2 2 6 
2 0 2 
2 5 8 
2 1 6 
2 0 6 
2 3 8 
2 1 4 
2 3 5 
