20 57 57 true

11 11 7 5 8 14 8 8 15 10 13 19 0 10 4 18 14 18 1 19 
6 19 9 9 5 13 15 3 17 3 1 9 7 2 15 6 19 8 0 13 
1 17 14 17 14 6 19 3 14 17 11 4 15 14 5 0 11 3 13 0 
16 14 14 13 19 10 19 11 10 16 2 14 4 1 14 6 11 8 14 6 
10 11 8 19 14 19 9 4 3 14 4 12 10 12 2 7 1 16 8 10 
7 19 4 14 19 17 4 14 2 10 4 10 3 10 17 19 6 3 16 13 
15 1 5 0 11 1 15 15 17 7 5 6 13 16 15 2 17 6 3 17 
2 13 13 3 14 15 12 19 18 19 12 4 18 0 12 1 9 15 19 8 
3 0 14 15 7 14 0 9 12 6 7 3 5 19 4 17 8 6 17 8 
19 7 3 10 7 12 0 7 5 5 15 5 1 11 6 18 18 6 7 12 
16 11 6 10 5 14 15 4 2 13 2 17 3 4 18 8 18 5 19 1 
17 17 6 12 8 6 1 19 7 7 19 7 1 0 5 10 10 17 6 14 
8 5 18 1 8 18 15 0 12 10 9 3 19 17 12 4 17 7 12 14 
9 11 2 17 4 0 14 5 4 9 15 19 16 2 5 11 5 12 14 16 
11 3 9 17 19 13 7 19 17 13 17 2 8 19 16 6 16 15 19 6 
3 5 10 1 7 19 19 15 5 6 18 11 2 9 12 17 14 3 8 9 
8 1 19 3 13 10 17 17 2 11 9 9 17 4 13 17 10 8 12 10 
12 8 19 9 19 8 17 7 4 7 17 17 12 10 18 8 14 16 1 17 
1 10 7 6 13 12 1 4 2 0 9 16 10 16 0 18 8 7 18 17 
11 15 18 0 10 2 15 5 15 2 13 18 6 16 13 3 18 19 16 0 

2 4 12 
2 4 5 
2 1 17 
2 18 19 
2 2 10 
2 12 15 
2 17 18 
2 11 15 
2 0 15 
2 5 11 
2 5 6 
2 1 6 
2 16 1 
2 16 14 
2 6 7 
2 18 4 
2 13 14 
2 10 11 
2 1 13 
2 18 19 
2 0 10 
2 8 15 
2 16 9 
2 2 10 
2 5 13 
2 11 14 
2 17 8 
2 2 6 
2 17 9 
2 5 11 
2 19 9 
2 13 14 
2 11 12 
2 3 14 
2 5 15 
2 0 9 
2 5 14 
2 0 6 
2 3 14 
2 2 9 
2 5 10 
2 0 5 
2 6 9 
2 6 11 
2 16 10 
2 16 8 
2 5 6 
2 19 14 
2 12 14 
2 7 13 
2 16 17 
2 16 5 
2 18 4 
2 18 3 
2 2 4 
2 3 7 
2 0 14 

2 3 15 
2 3 15 
2 13 14 
2 19 9 
2 16 9 
2 10 11 
2 12 13 
2 9 13 
2 17 11 
2 3 11 
2 3 14 
2 19 8 
2 2 19 
2 2 7 
2 9 15 
2 5 7 
2 1 15 
2 2 4 
2 5 13 
2 9 10 
2 0 3 
2 19 5 
2 0 8 
2 6 7 
2 17 3 
2 16 17 
2 4 11 
2 4 15 
2 10 12 
2 19 7 
2 12 13 
2 3 13 
2 16 7 
2 17 2 
2 4 15 
2 16 1 
2 4 13 
2 17 2 
2 7 12 
2 16 14 
2 2 15 
2 1 6 
2 17 6 
2 2 15 
2 9 11 
2 18 6 
2 3 7 
2 4 14 
2 7 8 
2 4 15 
2 5 8 
2 17 19 
2 17 4 
2 7 13 
2 18 3 
2 17 8 
2 1 6 
