10 39 39 true

2 8 14 1 10 17 3 12 15 12 
19 7 2 8 11 17 5 8 12 7 
4 4 4 9 8 18 16 6 4 18 
14 0 11 3 13 11 9 16 17 10 
18 1 6 0 13 7 3 9 14 11 
19 2 11 13 7 19 3 14 3 14 
7 15 3 7 4 9 3 0 14 3 
8 16 15 10 16 3 4 6 8 12 
3 5 7 16 19 3 13 5 10 4 
10 11 10 17 19 17 18 4 9 0 

2 3 4 
2 3 4 
2 6 7 
2 2 4 
2 7 8 
2 0 5 
2 2 3 
2 2 4 
2 4 6 
2 6 7 
2 4 9 
2 1 6 
2 0 7 
2 1 2 
2 0 7 
2 3 7 
2 4 6 
2 6 8 
2 2 8 
2 0 2 
2 3 6 
2 1 7 
2 2 6 
2 3 6 
2 3 9 
2 0 2 
2 6 7 
2 1 9 
2 1 5 
2 0 3 
2 0 2 
2 4 5 
2 0 9 
2 2 8 
2 0 1 
2 6 9 
2 5 9 
2 7 8 
2 0 8 

2 3 8 
2 1 3 
2 3 9 
2 1 6 
2 4 6 
2 2 6 
2 0 1 
2 0 2 
2 3 9 
2 7 9 
2 1 3 
2 0 7 
2 1 4 
2 6 8 
2 0 7 
2 2 4 
2 4 5 
2 3 6 
2 3 6 
2 7 9 
2 8 9 
2 0 9 
2 2 5 
2 2 3 
2 2 4 
2 1 5 
2 4 5 
2 5 7 
2 2 7 
2 5 6 
2 4 6 
2 2 3 
2 1 5 
2 3 5 
2 4 6 
2 7 8 
2 0 6 
2 2 7 
2 1 5 
