20 159 159 true

19 4 2 18 18 13 9 14 14 11 15 1 13 2 0 16 18 12 9 18 
12 9 18 0 12 0 13 8 19 15 12 19 6 1 0 14 14 9 14 9 
2 11 17 0 5 12 2 15 6 13 13 19 7 3 18 0 1 3 0 19 
13 18 16 11 13 2 3 9 12 6 5 8 16 15 2 16 15 6 7 6 
0 0 7 7 5 0 2 6 17 18 10 11 4 10 2 17 1 17 2 19 
4 11 1 4 10 18 5 3 10 17 12 5 14 19 18 4 19 3 2 15 
9 8 19 7 1 12 7 7 4 5 8 12 4 16 0 11 13 13 4 2 
2 2 1 16 4 16 18 10 18 11 1 12 6 1 10 5 12 11 3 19 
12 2 18 18 0 0 1 13 12 2 10 11 17 11 12 17 4 18 19 16 
18 0 3 6 5 4 15 14 7 0 5 1 10 4 4 17 0 12 2 18 
4 13 15 11 8 18 7 17 18 13 7 16 17 19 16 10 2 3 9 10 
10 2 2 13 0 5 0 11 17 16 7 8 8 14 7 4 3 1 9 2 
2 18 10 11 18 2 16 3 2 6 13 9 15 10 15 1 9 9 16 15 
3 0 13 0 15 6 9 9 5 11 9 12 11 4 19 6 16 16 11 1 
6 12 19 12 1 16 6 19 14 4 11 11 4 15 1 5 17 16 2 18 
18 14 15 15 0 0 2 11 3 2 17 10 2 0 12 19 12 1 6 6 
11 7 13 14 4 13 3 13 8 14 12 12 3 12 15 5 15 19 6 18 
9 4 17 15 3 2 4 17 7 10 0 6 16 7 3 8 9 12 18 9 
4 9 12 2 18 11 10 2 7 1 5 10 13 6 2 15 7 19 5 11 
5 9 18 13 12 2 1 11 18 15 8 11 3 1 17 16 9 6 9 7 

2 19 4 
2 17 2 
2 18 11 
2 7 15 
2 3 5 
2 17 3 
2 16 15 
2 0 7 
2 3 13 
2 17 7 
2 4 5 
2 17 2 
2 19 8 
2 5 13 
2 3 8 
2 8 15 
2 4 7 
2 16 5 
2 10 11 
2 5 11 
2 13 15 
2 7 9 
2 2 7 
2 11 12 
2 7 9 
2 12 15 
2 17 7 
2 17 3 
2 2 4 
2 16 19 
2 17 15 
2 7 10 
2 19 13 
2 1 7 
2 9 13 
2 18 5 
2 11 13 
2 16 0 
2 3 11 
2 14 15 
2 19 5 
2 2 14 
2 19 13 
2 17 12 
2 14 15 
2 5 11 
2 17 14 
2 19 14 
2 7 9 
2 1 12 
2 6 14 
2 3 14 
2 6 14 
2 16 14 
2 0 14 
2 5 11 
2 7 15 
2 6 14 
2 1 7 
2 18 9 
2 5 11 
2 9 15 
2 4 5 
2 0 19 
2 1 8 
2 19 13 
2 0 3 
2 17 14 
2 3 11 
2 5 9 
2 16 4 
2 2 10 
2 3 12 
2 9 11 
2 17 4 
2 10 14 
2 16 19 
2 16 13 
2 17 4 
2 2 11 
2 19 8 
2 0 5 
2 18 8 
2 16 8 
2 12 15 
2 4 12 
2 0 16 
2 0 11 
2 2 5 
2 2 12 
2 16 6 
2 17 7 
2 1 8 
2 5 11 
2 8 14 
2 0 7 
2 18 19 
2 18 19 
2 9 14 
2 1 6 
2 17 11 
2 17 12 
2 16 13 
2 17 14 
2 1 14 
2 4 11 
2 16 5 
2 6 11 
2 5 15 
2 1 2 
2 17 3 
2 10 13 
2 8 13 
2 11 14 
2 11 15 
2 14 15 
2 5 13 
2 5 9 
2 3 8 
2 19 10 
2 1 5 
2 0 2 
2 19 11 
2 0 6 
2 17 12 
2 11 15 
2 1 3 
2 18 19 
2 1 15 
2 16 7 
2 2 3 
2 3 9 
2 11 13 
2 1 13 
2 0 6 
2 6 11 
2 10 14 
2 2 9 
2 19 8 
2 18 10 
2 9 15 
2 0 2 
2 1 2 
2 18 5 
2 10 14 
2 9 10 
2 17 9 
2 0 2 
2 3 11 
2 16 19 
2 1 9 
2 16 10 
2 16 11 
2 13 14 
2 19 4 
2 19 11 
2 1 8 
2 17 19 
2 16 0 

2 1 9 
2 5 15 
2 16 9 
2 2 4 
2 13 14 
2 2 13 
2 5 10 
2 1 12 
2 19 7 
2 16 8 
2 7 13 
2 6 8 
2 19 7 
2 16 17 
2 10 15 
2 16 13 
2 1 15 
2 4 11 
2 18 15 
2 19 13 
2 10 14 
2 0 4 
2 16 6 
2 0 10 
2 7 15 
2 1 15 
2 10 15 
2 0 10 
2 0 2 
2 4 5 
2 9 11 
2 3 12 
2 7 12 
2 9 12 
2 4 13 
2 2 12 
2 1 14 
2 3 7 
2 2 5 
2 5 7 
2 17 6 
2 2 14 
2 0 18 
2 18 11 
2 17 9 
2 0 19 
2 8 9 
2 8 15 
2 8 10 
2 19 15 
2 6 11 
2 11 13 
2 7 13 
2 1 17 
2 6 13 
2 0 11 
2 7 13 
2 7 13 
2 1 11 
2 7 11 
2 4 11 
2 1 11 
2 2 14 
2 2 14 
2 10 11 
2 17 9 
2 11 13 
2 17 3 
2 9 15 
2 9 10 
2 16 8 
2 16 8 
2 7 9 
2 16 19 
2 16 7 
2 10 15 
2 18 15 
2 0 18 
2 3 13 
2 0 13 
2 3 8 
2 18 15 
2 17 6 
2 7 9 
2 13 15 
2 2 5 
2 0 17 
2 4 10 
2 6 10 
2 2 7 
2 1 2 
2 1 12 
2 18 3 
2 8 12 
2 7 8 
2 10 14 
2 2 12 
2 5 15 
2 8 14 
2 4 15 
2 3 4 
2 5 10 
2 2 11 
2 4 7 
2 1 3 
2 7 11 
2 6 7 
2 17 10 
2 18 19 
2 0 2 
2 1 7 
2 18 15 
2 10 15 
2 4 15 
2 1 18 
2 16 15 
2 2 6 
2 19 15 
2 16 2 
2 1 19 
2 7 8 
2 11 12 
2 17 14 
2 18 19 
2 4 13 
2 9 11 
2 8 14 
2 17 18 
2 3 6 
2 9 11 
2 3 13 
2 5 8 
2 19 7 
2 0 12 
2 0 11 
2 9 10 
2 4 6 
2 19 6 
2 0 4 
2 5 8 
2 10 15 
2 16 14 
2 18 12 
2 1 3 
2 1 2 
2 18 13 
2 0 9 
2 16 9 
2 17 2 
2 7 12 
2 0 11 
2 0 9 
2 2 10 
2 7 13 
2 17 19 
2 10 13 
2 2 8 
2 17 4 
2 0 2 
