10 22 22 true

11 17 5 18 18 12 12 7 13 14 
6 6 19 2 16 2 8 12 0 4 
6 6 12 4 14 12 0 10 17 19 
9 9 10 5 10 4 13 15 3 9 
3 12 10 0 18 5 8 11 8 18 
14 14 15 5 13 15 17 8 8 6 
6 12 13 16 9 16 11 9 8 13 
5 0 5 15 10 7 9 18 16 18 
9 19 1 17 16 15 5 12 12 9 
8 9 10 5 12 11 0 4 1 15 

2 1 2 
2 2 8 
2 4 8 
2 0 5 
2 5 6 
2 3 5 
2 4 6 
2 2 6 
2 0 2 
2 4 7 
2 4 9 
2 2 6 
2 4 6 
2 2 8 
2 5 9 
2 1 3 
2 5 8 
2 5 8 
2 0 4 
2 7 9 
2 3 5 
2 3 9 

2 5 8 
2 0 4 
2 3 4 
2 1 4 
2 6 9 
2 0 6 
2 1 6 
2 7 9 
2 1 2 
2 5 7 
2 5 6 
2 1 3 
2 0 5 
2 5 9 
2 0 1 
2 4 6 
2 4 9 
2 1 8 
2 0 5 
2 6 9 
2 6 9 
2 2 3 
