10 40 40 true

8 12 17 5 7 6 0 18 11 11 
0 7 15 1 6 4 8 11 4 8 
13 2 10 13 16 11 11 9 18 14 
9 19 5 4 13 11 18 10 13 19 
1 13 10 3 16 5 12 13 16 8 
10 14 3 0 4 3 19 14 15 2 
13 16 2 5 1 15 7 3 18 3 
9 4 19 5 16 1 9 13 14 4 
14 7 16 6 14 10 13 13 11 2 
17 18 2 3 3 6 3 18 17 10 

2 0 2 
2 4 9 
2 1 4 
2 2 3 
2 1 9 
2 2 8 
2 3 6 
2 1 5 
2 3 8 
2 0 4 
2 5 8 
2 6 9 
2 5 7 
2 0 6 
2 8 9 
2 2 5 
2 4 9 
2 4 5 
2 3 4 
2 0 1 
2 1 4 
2 0 6 
2 4 6 
2 3 9 
2 0 5 
2 2 7 
2 0 9 
2 3 5 
2 0 2 
2 1 6 
2 2 6 
2 0 1 
2 8 9 
2 5 7 
2 1 4 
2 8 9 
2 3 6 
2 1 8 
2 4 9 
2 0 9 

2 2 6 
2 5 6 
2 1 2 
2 3 9 
2 3 5 
2 5 8 
2 2 3 
2 4 9 
2 1 8 
2 2 9 
2 0 1 
2 7 9 
2 1 6 
2 5 9 
2 1 2 
2 0 7 
2 1 3 
2 3 4 
2 5 7 
2 4 6 
2 4 7 
2 0 4 
2 0 9 
2 2 5 
2 0 5 
2 1 3 
2 2 9 
2 1 5 
2 1 8 
2 4 6 
2 1 3 
2 0 5 
2 2 3 
2 2 6 
2 3 9 
2 2 6 
2 3 8 
2 5 6 
2 4 5 
2 0 2 
