10 39 39 true

13 14 7 9 6 11 14 9 8 16 
7 9 12 15 4 18 19 16 11 13 
9 7 16 11 16 6 6 2 13 17 
8 19 12 9 8 10 0 14 9 18 
15 18 17 14 9 7 4 12 15 12 
15 18 7 5 18 17 0 7 4 17 
13 2 19 19 16 5 16 2 6 0 
5 7 19 18 2 6 3 0 9 8 
9 9 13 16 2 9 7 16 19 17 
7 5 0 15 17 18 17 16 11 16 

2 0 1 
2 6 8 
2 0 3 
2 0 5 
2 0 2 
2 1 8 
2 3 5 
2 2 4 
2 1 9 
2 4 6 
2 2 5 
2 0 4 
2 2 6 
2 6 7 
2 2 9 
2 3 4 
2 3 4 
2 1 5 
2 2 6 
2 0 4 
2 1 6 
2 2 7 
2 7 9 
2 5 7 
2 4 6 
2 0 1 
2 1 5 
2 4 5 
2 1 8 
2 5 9 
2 0 8 
2 1 7 
2 1 4 
2 0 3 
2 5 7 
2 3 6 
2 1 7 
2 2 3 
2 2 5 

2 7 8 
2 4 6 
2 6 8 
2 0 7 
2 0 4 
2 8 9 
2 4 9 
2 0 8 
2 1 8 
2 3 5 
2 0 8 
2 0 6 
2 1 2 
2 6 9 
2 4 6 
2 3 9 
2 3 4 
2 0 9 
2 1 8 
2 7 9 
2 7 9 
2 1 2 
2 7 8 
2 0 4 
2 6 8 
2 6 7 
2 0 8 
2 3 5 
2 0 5 
2 3 4 
2 1 9 
2 2 8 
2 5 6 
2 8 9 
2 4 6 
2 0 6 
2 0 8 
2 1 2 
2 7 9 
