20 114 114 true

1 1 1 0 3 14 2 4 1 3 11 10 0 1 2 15 2 14 9 7 
9 10 16 1 10 17 4 9 18 9 19 9 18 11 13 0 16 1 13 3 
9 8 7 3 8 7 13 2 17 17 15 0 4 6 19 10 9 19 4 2 
14 5 17 18 0 0 0 17 11 16 17 12 11 16 15 13 3 3 5 0 
2 6 5 0 16 0 11 2 0 10 5 0 18 2 11 15 0 5 13 18 
9 14 14 14 15 11 3 8 6 8 19 9 15 2 4 16 2 15 18 4 
18 12 11 11 2 9 7 4 11 0 4 15 13 4 1 14 12 4 18 1 
5 5 13 1 9 3 15 8 14 2 0 1 6 12 1 8 15 11 16 4 
2 4 19 0 16 19 0 16 18 6 12 13 1 5 12 15 16 9 14 14 
18 14 4 5 4 6 19 1 4 19 12 4 12 16 8 0 8 19 19 6 
19 7 5 15 4 12 12 11 2 5 12 11 3 9 6 1 8 17 12 9 
4 2 14 15 16 6 0 17 4 0 16 7 16 13 12 3 19 3 12 4 
15 7 15 11 9 8 5 17 16 12 8 11 0 4 10 14 13 3 9 19 
3 13 3 4 18 11 10 10 1 15 11 18 10 4 12 16 18 11 16 9 
11 7 14 10 16 5 12 16 6 19 6 3 3 7 10 7 5 1 0 15 
5 6 10 4 3 12 7 1 19 17 2 10 13 10 4 19 5 10 12 14 
1 12 19 18 12 7 12 2 4 13 5 3 16 15 6 14 9 18 1 19 
5 17 5 1 13 2 16 14 15 4 18 7 5 19 14 9 8 19 8 8 
3 9 4 8 14 3 16 17 7 6 6 2 5 5 7 10 1 4 8 3 
17 18 12 1 9 19 9 1 12 9 1 17 4 17 19 14 1 2 19 19 

2 17 11 
2 2 6 
2 17 9 
2 16 0 
2 8 15 
2 5 13 
2 8 12 
2 19 9 
2 16 17 
2 19 4 
2 16 3 
2 0 1 
2 16 15 
2 9 10 
2 13 14 
2 7 13 
2 18 7 
2 16 2 
2 12 13 
2 18 7 
2 4 14 
2 1 9 
2 7 11 
2 18 6 
2 11 14 
2 1 12 
2 1 8 
2 5 13 
2 17 14 
2 1 6 
2 1 15 
2 0 18 
2 16 11 
2 2 4 
2 17 13 
2 4 10 
2 8 15 
2 18 11 
2 17 13 
2 19 5 
2 17 10 
2 6 12 
2 16 15 
2 6 11 
2 16 5 
2 16 10 
2 1 5 
2 0 18 
2 17 10 
2 12 14 
2 16 11 
2 8 12 
2 6 12 
2 18 8 
2 0 12 
2 3 13 
2 18 9 
2 4 6 
2 5 8 
2 16 10 
2 17 4 
2 7 15 
2 4 15 
2 3 10 
2 18 3 
2 16 12 
2 17 4 
2 17 7 
2 0 10 
2 17 13 
2 5 14 
2 18 11 
2 16 10 
2 17 12 
2 3 6 
2 5 15 
2 3 9 
2 11 12 
2 2 15 
2 18 15 
2 1 2 
2 1 14 
2 2 7 
2 6 14 
2 19 13 
2 18 10 
2 16 8 
2 17 6 
2 0 10 
2 2 8 
2 6 7 
2 17 19 
2 8 9 
2 1 9 
2 0 7 
2 10 11 
2 3 11 
2 18 19 
2 5 13 
2 18 19 
2 2 5 
2 10 15 
2 16 17 
2 19 9 
2 19 5 
2 18 2 
2 13 15 
2 17 11 
2 17 3 
2 17 7 
2 0 1 
2 17 3 
2 1 9 
2 3 5 

2 1 10 
2 14 15 
2 0 13 
2 2 10 
2 16 10 
2 3 13 
2 0 3 
2 16 13 
2 7 8 
2 1 15 
2 0 8 
2 17 19 
2 17 10 
2 1 13 
2 9 15 
2 10 12 
2 2 10 
2 17 3 
2 16 1 
2 19 11 
2 9 10 
2 16 18 
2 17 10 
2 0 8 
2 17 2 
2 0 11 
2 0 3 
2 1 4 
2 7 8 
2 6 13 
2 2 13 
2 1 8 
2 7 12 
2 1 2 
2 0 6 
2 16 14 
2 5 11 
2 17 7 
2 4 6 
2 2 18 
2 3 15 
2 17 12 
2 16 19 
2 3 8 
2 3 11 
2 0 17 
2 7 11 
2 17 18 
2 18 5 
2 1 9 
2 6 11 
2 18 3 
2 6 11 
2 5 8 
2 0 19 
2 2 13 
2 0 2 
2 7 13 
2 3 15 
2 17 10 
2 18 12 
2 1 11 
2 0 15 
2 18 2 
2 17 2 
2 6 12 
2 16 3 
2 18 13 
2 1 5 
2 18 2 
2 17 4 
2 18 13 
2 0 15 
2 7 12 
2 1 2 
2 1 7 
2 18 14 
2 0 11 
2 1 13 
2 16 7 
2 11 13 
2 0 17 
2 6 8 
2 18 4 
2 3 14 
2 3 4 
2 10 12 
2 3 11 
2 9 12 
2 1 5 
2 16 9 
2 9 14 
2 19 4 
2 5 9 
2 16 19 
2 6 8 
2 4 13 
2 1 12 
2 16 14 
2 12 15 
2 18 2 
2 1 9 
2 19 3 
2 17 5 
2 4 14 
2 1 19 
2 5 11 
2 17 10 
2 16 17 
2 11 12 
2 1 5 
2 1 17 
2 0 19 
2 8 10 
