10 22 22 true

16 4 9 17 16 17 11 18 8 18 
19 11 14 4 4 19 15 8 2 7 
3 8 12 16 3 13 9 4 8 18 
9 5 6 15 9 2 14 19 19 2 
1 8 15 19 6 13 8 19 14 18 
10 6 11 8 12 15 1 10 16 15 
16 15 7 5 6 2 2 9 7 3 
10 12 11 16 2 2 9 9 17 3 
14 10 18 18 0 17 2 8 2 2 
5 6 5 8 12 6 16 10 11 1 

2 5 9 
2 0 1 
2 4 7 
2 3 9 
2 3 4 
2 5 9 
2 3 8 
2 0 9 
2 2 6 
2 1 8 
2 1 5 
2 0 9 
2 0 4 
2 2 7 
2 1 5 
2 7 9 
2 0 6 
2 2 5 
2 6 9 
2 4 6 
2 0 9 
2 5 7 

2 0 4 
2 4 5 
2 7 9 
2 3 9 
2 5 7 
2 5 8 
2 2 3 
2 0 9 
2 0 4 
2 2 8 
2 4 7 
2 1 2 
2 0 6 
2 8 9 
2 0 9 
2 8 9 
2 1 3 
2 1 7 
2 2 6 
2 1 5 
2 7 8 
2 2 3 
