20 167 167 true

14 15 8 0 2 14 19 3 18 1 3 2 15 14 5 18 9 9 12 11 
11 9 5 3 5 11 7 7 15 17 1 6 18 4 5 4 13 11 11 3 
2 16 4 2 11 16 3 19 3 17 14 13 3 4 6 0 19 10 9 14 
19 2 11 4 14 10 2 7 19 15 2 13 10 6 3 0 12 1 1 11 
6 15 3 10 5 19 0 10 15 5 9 16 0 15 2 19 17 15 19 15 
2 14 17 9 15 5 9 1 5 5 6 14 17 9 5 14 4 1 17 2 
2 15 5 6 19 9 14 14 10 3 8 3 13 3 13 0 18 19 8 18 
7 2 0 15 4 15 18 16 15 2 3 8 10 8 6 6 11 4 12 5 
12 19 15 9 3 14 9 17 12 14 12 2 2 19 7 13 2 19 16 6 
1 9 4 10 10 5 8 9 6 4 19 13 16 5 0 4 12 4 18 6 
10 10 4 0 3 11 1 18 2 11 11 13 8 4 13 2 4 0 16 2 
18 6 0 18 4 2 8 11 19 5 1 10 13 16 10 0 8 0 12 12 
8 8 10 2 3 13 7 15 5 5 8 12 13 16 3 12 11 12 4 3 
1 3 19 16 6 5 6 9 5 0 4 18 1 14 8 16 1 8 6 13 
12 18 13 1 8 3 18 8 0 19 16 19 0 12 14 11 13 4 3 15 
7 12 14 2 12 6 10 5 15 12 9 9 12 11 2 8 1 9 7 17 
16 10 1 4 2 19 10 15 4 9 2 11 14 0 6 1 9 16 10 19 
3 0 1 13 9 5 1 17 12 6 2 7 12 9 15 2 18 2 8 3 
7 15 5 18 7 19 9 17 12 7 8 4 10 10 6 8 11 15 18 4 
14 0 2 11 1 4 14 15 2 17 2 0 6 0 12 9 18 3 17 7 

2 0 8 
2 9 10 
2 2 5 
2 5 15 
2 16 5 
2 7 12 
2 12 14 
2 0 18 
2 4 6 
2 7 12 
2 17 2 
2 2 10 
2 1 5 
2 6 14 
2 2 13 
2 1 14 
2 2 10 
2 4 6 
2 8 11 
2 18 19 
2 5 14 
2 1 7 
2 9 12 
2 19 5 
2 3 14 
2 7 9 
2 13 14 
2 16 2 
2 3 11 
2 6 14 
2 1 14 
2 7 9 
2 1 10 
2 18 7 
2 9 10 
2 7 11 
2 16 11 
2 16 5 
2 19 9 
2 18 2 
2 2 5 
2 19 8 
2 18 5 
2 19 5 
2 16 13 
2 8 14 
2 16 4 
2 17 13 
2 16 5 
2 18 4 
2 3 10 
2 16 14 
2 16 17 
2 17 8 
2 10 15 
2 8 14 
2 7 8 
2 10 11 
2 0 18 
2 1 5 
2 4 14 
2 1 18 
2 3 6 
2 17 19 
2 7 8 
2 19 15 
2 1 7 
2 16 13 
2 4 5 
2 17 2 
2 5 14 
2 2 6 
2 2 3 
2 7 14 
2 9 12 
2 17 14 
2 17 14 
2 2 8 
2 19 9 
2 1 2 
2 2 19 
2 8 9 
2 16 5 
2 19 10 
2 3 4 
2 18 7 
2 8 10 
2 18 8 
2 7 10 
2 12 15 
2 8 15 
2 1 14 
2 3 6 
2 3 15 
2 17 18 
2 7 14 
2 10 12 
2 19 10 
2 16 17 
2 17 7 
2 0 5 
2 10 15 
2 19 12 
2 2 10 
2 5 11 
2 18 7 
2 12 13 
2 7 14 
2 2 3 
2 2 3 
2 19 12 
2 2 12 
2 17 5 
2 0 10 
2 8 10 
2 1 18 
2 1 7 
2 0 17 
2 13 15 
2 18 10 
2 16 1 
2 0 1 
2 5 10 
2 11 14 
2 17 13 
2 0 13 
2 19 15 
2 18 6 
2 17 13 
2 2 6 
2 4 6 
2 19 13 
2 19 8 
2 2 4 
2 3 12 
2 7 10 
2 2 12 
2 7 10 
2 16 9 
2 5 15 
2 1 7 
2 17 4 
2 1 13 
2 18 5 
2 4 11 
2 17 12 
2 1 18 
2 16 8 
2 1 14 
2 16 12 
2 17 4 
2 2 18 
2 9 12 
2 18 6 
2 12 13 
2 16 10 
2 0 8 
2 6 14 
2 5 13 
2 3 7 
2 14 15 
2 12 14 
2 16 17 
2 18 10 
2 16 6 
2 16 8 
2 7 12 

2 17 12 
2 0 7 
2 6 7 
2 17 2 
2 0 18 
2 3 5 
2 4 9 
2 14 15 
2 1 13 
2 0 2 
2 10 14 
2 4 12 
2 16 2 
2 16 10 
2 12 13 
2 7 8 
2 0 8 
2 18 14 
2 18 10 
2 3 10 
2 16 11 
2 12 13 
2 8 10 
2 16 8 
2 1 2 
2 8 10 
2 5 12 
2 3 9 
2 6 11 
2 18 3 
2 3 8 
2 17 5 
2 2 12 
2 6 11 
2 18 6 
2 1 15 
2 1 15 
2 19 6 
2 1 15 
2 16 5 
2 6 9 
2 9 12 
2 2 5 
2 19 8 
2 17 11 
2 19 9 
2 13 14 
2 7 13 
2 6 9 
2 3 9 
2 17 19 
2 7 10 
2 1 19 
2 19 7 
2 2 5 
2 18 15 
2 6 8 
2 16 8 
2 12 14 
2 4 6 
2 5 7 
2 0 12 
2 8 12 
2 18 4 
2 4 13 
2 6 13 
2 17 15 
2 5 12 
2 9 10 
2 8 10 
2 16 5 
2 16 17 
2 7 15 
2 0 8 
2 10 12 
2 5 15 
2 2 8 
2 1 3 
2 1 4 
2 18 14 
2 10 15 
2 4 11 
2 0 13 
2 17 6 
2 16 2 
2 4 10 
2 19 13 
2 0 9 
2 6 9 
2 16 14 
2 4 14 
2 1 6 
2 17 12 
2 3 10 
2 16 8 
2 2 4 
2 18 15 
2 18 19 
2 3 7 
2 2 4 
2 7 14 
2 17 5 
2 11 15 
2 11 15 
2 2 12 
2 17 2 
2 19 9 
2 2 6 
2 4 6 
2 2 15 
2 9 10 
2 5 7 
2 16 2 
2 10 12 
2 6 14 
2 16 5 
2 10 13 
2 19 13 
2 2 5 
2 7 9 
2 0 4 
2 19 4 
2 4 5 
2 8 15 
2 19 7 
2 11 13 
2 16 17 
2 8 9 
2 1 3 
2 7 15 
2 17 2 
2 1 19 
2 11 12 
2 9 12 
2 8 14 
2 0 19 
2 4 14 
2 11 13 
2 7 15 
2 0 10 
2 4 6 
2 2 9 
2 2 13 
2 9 10 
2 17 3 
2 1 12 
2 6 9 
2 12 13 
2 4 6 
2 19 11 
2 11 13 
2 0 7 
2 8 12 
2 9 15 
2 2 14 
2 6 15 
2 0 7 
2 16 1 
2 2 6 
2 0 2 
2 19 14 
2 0 15 
2 17 13 
2 11 13 
2 19 15 
2 2 11 
2 17 6 
