10 40 40 true

9 6 7 9 7 16 16 7 3 12 
14 1 17 11 4 15 8 9 8 14 
17 1 10 1 2 19 10 11 5 0 
19 3 5 19 4 15 17 1 1 13 
0 2 12 17 12 11 5 17 7 14 
6 0 5 17 2 16 14 14 15 6 
3 1 3 10 12 18 15 17 4 18 
13 5 7 13 5 11 7 16 5 13 
10 19 14 11 0 6 18 2 18 1 
18 10 4 8 4 1 4 2 13 0 

2 3 9 
2 5 8 
2 1 8 
2 1 8 
2 0 5 
2 0 5 
2 0 6 
2 0 9 
2 5 8 
2 0 3 
2 0 7 
2 1 8 
2 4 9 
2 0 9 
2 4 9 
2 1 8 
2 1 3 
2 1 5 
2 3 5 
2 1 3 
2 6 9 
2 1 9 
2 1 9 
2 3 7 
2 5 8 
2 3 6 
2 0 4 
2 1 4 
2 3 6 
2 1 8 
2 0 8 
2 0 1 
2 1 5 
2 0 7 
2 6 7 
2 1 7 
2 4 5 
2 0 3 
2 0 3 
2 1 6 

2 4 5 
2 6 7 
2 6 9 
2 4 6 
2 4 6 
2 1 4 
2 2 3 
2 4 5 
2 1 7 
2 2 6 
2 3 7 
2 1 7 
2 5 9 
2 4 7 
2 3 8 
2 4 5 
2 1 4 
2 3 9 
2 3 6 
2 7 9 
2 4 7 
2 6 8 
2 2 3 
2 1 8 
2 1 5 
2 3 8 
2 1 5 
2 2 3 
2 2 6 
2 5 6 
2 0 1 
2 4 5 
2 3 4 
2 6 7 
2 7 9 
2 5 8 
2 6 8 
2 8 9 
2 3 5 
2 5 9 
