9 30 30 true

1 9 0 18 9 7 11 1 12 
13 11 17 0 1 16 15 18 11 
19 11 19 16 10 5 1 8 1 
18 7 4 16 3 5 11 6 12 
10 9 19 11 3 1 6 9 1 
17 2 16 7 4 16 13 19 2 
1 7 8 11 13 5 11 7 18 
16 2 14 4 13 12 6 8 6 
4 1 8 3 18 17 9 11 8 

2 4 7 
2 0 5 
2 4 5 
2 2 5 
2 1 4 
2 1 2 
2 1 4 
2 1 3 
2 2 7 
2 1 6 
2 1 3 
2 1 4 
2 0 6 
2 1 6 
2 2 8 
2 6 7 
2 0 7 
2 1 7 
2 3 6 
2 4 6 
2 0 4 
2 3 4 
2 2 4 
2 1 6 
2 0 7 
2 3 5 
2 2 4 
2 0 7 
2 0 6 
2 3 8 

2 3 5 
2 1 8 
2 4 8 
2 0 2 
2 0 2 
2 6 7 
2 4 7 
2 2 6 
2 1 6 
2 6 7 
2 0 5 
2 4 6 
2 2 4 
2 4 7 
2 1 3 
2 6 8 
2 2 8 
2 3 8 
2 1 5 
2 1 3 
2 1 4 
2 4 8 
2 0 1 
2 4 8 
2 3 7 
2 4 6 
2 2 6 
2 0 6 
2 3 7 
2 5 8 
