20 95 95 true

18 0 4 16 19 6 19 6 11 6 8 7 1 18 17 0 7 11 6 1 
16 16 7 17 10 17 10 4 14 10 10 16 14 19 15 11 5 18 11 18 
2 9 10 14 8 14 5 1 3 0 13 4 14 9 4 0 19 6 2 18 
19 16 14 7 12 0 4 2 13 17 1 17 19 12 11 9 15 5 17 7 
0 15 14 1 2 9 5 17 11 7 4 2 14 10 1 9 14 9 1 10 
0 1 16 14 3 15 14 1 2 15 3 19 3 3 14 11 10 11 4 5 
9 15 8 4 3 15 11 19 0 1 16 4 17 4 19 16 18 5 2 17 
18 5 1 19 5 18 2 10 12 19 5 11 17 2 0 7 2 7 0 17 
4 2 15 12 4 9 19 15 14 12 3 6 2 16 7 5 9 11 16 3 
17 8 18 14 14 9 18 12 16 10 9 7 8 18 12 10 13 6 10 3 
8 18 7 0 6 18 14 16 7 3 7 0 2 16 15 4 19 5 16 11 
8 14 2 7 5 14 10 7 0 9 13 7 9 2 6 4 3 9 8 1 
1 4 15 8 1 10 2 3 3 15 13 11 17 16 10 16 15 17 13 18 
17 15 12 19 4 16 1 7 3 8 12 16 2 0 17 19 4 11 10 5 
8 2 17 3 16 0 14 4 12 17 1 16 1 9 18 6 7 18 7 1 
4 19 3 7 18 14 11 19 15 19 1 18 7 5 14 5 14 14 10 13 
8 0 12 13 6 4 8 0 10 8 9 13 17 14 19 14 3 5 18 3 
7 16 9 3 18 13 17 15 19 5 1 10 0 10 13 7 18 2 3 0 
13 17 10 1 19 5 7 0 16 18 6 12 8 15 19 5 1 2 3 13 
12 0 0 13 11 14 3 0 0 2 3 15 7 0 4 2 9 18 3 2 

2 7 10 
2 19 12 
2 0 15 
2 10 11 
2 1 7 
2 19 9 
2 6 14 
2 7 13 
2 8 13 
2 18 5 
2 17 5 
2 19 9 
2 3 7 
2 0 18 
2 17 2 
2 17 13 
2 16 13 
2 3 14 
2 1 4 
2 14 15 
2 19 7 
2 6 9 
2 9 15 
2 5 14 
2 17 9 
2 2 13 
2 3 6 
2 16 12 
2 8 14 
2 8 12 
2 11 15 
2 7 14 
2 0 4 
2 7 9 
2 19 6 
2 14 15 
2 16 19 
2 16 8 
2 3 13 
2 2 10 
2 12 13 
2 6 12 
2 5 7 
2 17 10 
2 1 18 
2 8 10 
2 16 6 
2 7 15 
2 1 3 
2 1 18 
2 11 12 
2 18 13 
2 0 9 
2 9 15 
2 19 8 
2 13 15 
2 19 11 
2 17 11 
2 3 12 
2 17 19 
2 8 14 
2 3 13 
2 5 10 
2 7 14 
2 1 4 
2 13 15 
2 7 10 
2 19 14 
2 0 18 
2 1 5 
2 2 7 
2 0 11 
2 3 19 
2 0 6 
2 5 9 
2 7 10 
2 0 9 
2 11 15 
2 18 7 
2 9 11 
2 19 10 
2 10 12 
2 1 8 
2 1 3 
2 16 19 
2 5 8 
2 6 14 
2 2 14 
2 18 14 
2 2 12 
2 6 15 
2 19 15 
2 2 4 
2 7 10 
2 18 3 

2 6 13 
2 17 2 
2 0 14 
2 10 15 
2 16 1 
2 16 13 
2 2 19 
2 4 13 
2 18 10 
2 1 5 
2 0 8 
2 17 11 
2 16 7 
2 19 9 
2 3 10 
2 8 14 
2 18 2 
2 9 15 
2 8 12 
2 1 3 
2 0 4 
2 1 6 
2 18 15 
2 4 14 
2 2 19 
2 16 12 
2 18 4 
2 0 10 
2 1 2 
2 17 3 
2 10 14 
2 16 7 
2 19 13 
2 1 17 
2 6 12 
2 7 15 
2 4 13 
2 18 6 
2 8 13 
2 10 15 
2 2 14 
2 8 13 
2 4 15 
2 19 3 
2 16 11 
2 8 9 
2 18 11 
2 18 15 
2 19 11 
2 3 8 
2 16 15 
2 5 8 
2 3 9 
2 1 15 
2 11 15 
2 3 12 
2 1 17 
2 11 15 
2 4 13 
2 8 15 
2 17 12 
2 18 12 
2 18 6 
2 3 8 
2 17 6 
2 5 13 
2 16 4 
2 7 8 
2 16 18 
2 16 6 
2 19 11 
2 7 14 
2 0 10 
2 7 9 
2 17 6 
2 0 3 
2 5 10 
2 4 12 
2 0 1 
2 16 2 
2 5 7 
2 4 7 
2 4 13 
2 0 7 
2 7 9 
2 9 13 
2 5 14 
2 16 13 
2 19 4 
2 7 12 
2 18 4 
2 14 15 
2 2 12 
2 3 4 
2 6 8 
