20 167 167 true

2 17 2 9 11 0 16 16 1 2 8 14 12 4 13 3 19 19 11 10 
16 4 9 11 14 16 11 16 4 11 0 5 17 8 4 13 19 18 17 9 
18 17 12 16 15 2 13 14 3 19 17 15 4 16 14 19 2 14 2 15 
18 12 6 8 1 1 16 15 6 15 6 8 17 3 1 19 8 3 3 6 
4 14 11 4 5 1 4 16 9 6 6 14 11 4 13 2 4 0 19 5 
18 19 17 18 6 1 6 9 18 1 12 17 9 7 11 12 14 12 8 16 
10 18 15 18 18 18 5 18 11 5 8 16 15 8 15 17 8 2 8 13 
0 3 2 18 14 10 18 7 11 10 14 11 13 18 6 18 3 15 2 4 
5 6 5 13 16 3 17 7 2 1 0 4 16 12 5 5 16 4 5 13 
14 10 4 18 12 16 1 4 14 2 3 10 3 13 13 10 18 10 6 3 
11 18 7 8 4 12 1 8 17 8 19 2 4 15 8 16 9 0 9 10 
9 3 18 18 11 13 1 19 15 0 16 1 17 13 12 8 5 1 7 3 
3 7 3 8 14 2 15 3 19 18 16 19 10 7 11 6 4 6 11 18 
11 14 19 13 7 0 4 4 17 16 16 5 7 5 8 16 11 0 16 10 
9 5 13 8 19 12 10 15 12 9 0 14 0 2 15 2 1 14 19 10 
15 5 16 9 11 1 10 12 17 19 12 0 2 9 4 18 3 6 8 8 
1 6 3 13 0 6 19 14 13 11 15 8 16 5 13 11 0 11 18 11 
17 15 7 11 5 0 4 16 10 3 10 0 17 16 11 12 8 12 2 15 
3 6 3 3 14 15 3 13 0 9 12 17 11 11 17 1 11 0 4 17 
18 19 8 18 19 18 1 17 12 19 0 7 6 16 16 14 15 5 9 10 

2 1 19 
2 5 8 
2 8 15 
2 1 12 
2 4 8 
2 12 13 
2 6 8 
2 1 14 
2 17 8 
2 17 15 
2 1 13 
2 5 6 
2 5 9 
2 0 11 
2 2 19 
2 16 1 
2 1 12 
2 10 15 
2 19 14 
2 2 3 
2 17 4 
2 18 14 
2 19 15 
2 3 15 
2 3 13 
2 2 18 
2 4 7 
2 16 15 
2 3 13 
2 5 7 
2 2 11 
2 4 6 
2 3 4 
2 1 14 
2 8 13 
2 6 7 
2 16 1 
2 18 11 
2 4 6 
2 16 0 
2 18 13 
2 11 12 
2 1 10 
2 11 15 
2 18 19 
2 1 11 
2 8 11 
2 13 14 
2 19 9 
2 7 11 
2 16 18 
2 6 14 
2 16 15 
2 5 10 
2 1 4 
2 19 8 
2 2 11 
2 18 5 
2 9 12 
2 4 10 
2 13 14 
2 16 11 
2 18 6 
2 18 8 
2 1 13 
2 3 7 
2 1 19 
2 2 19 
2 12 14 
2 2 5 
2 2 5 
2 11 14 
2 1 18 
2 1 2 
2 8 14 
2 18 15 
2 18 5 
2 16 14 
2 5 6 
2 3 11 
2 16 3 
2 2 19 
2 17 8 
2 11 15 
2 8 9 
2 9 12 
2 19 4 
2 0 17 
2 17 7 
2 3 6 
2 18 7 
2 17 6 
2 2 14 
2 0 15 
2 4 14 
2 5 13 
2 16 12 
2 19 14 
2 6 13 
2 16 15 
2 4 9 
2 1 13 
2 0 14 
2 7 14 
2 8 14 
2 17 2 
2 18 5 
2 16 5 
2 1 11 
2 3 11 
2 19 7 
2 2 12 
2 1 3 
2 6 14 
2 19 4 
2 0 6 
2 2 8 
2 1 9 
2 19 4 
2 19 4 
2 18 10 
2 5 9 
2 16 13 
2 18 6 
2 12 14 
2 17 12 
2 17 3 
2 16 5 
2 2 6 
2 8 9 
2 7 13 
2 16 19 
2 8 10 
2 7 8 
2 7 12 
2 0 12 
2 17 19 
2 7 15 
2 4 14 
2 3 11 
2 18 12 
2 19 10 
2 1 6 
2 19 4 
2 1 10 
2 11 13 
2 4 15 
2 19 6 
2 18 14 
2 0 17 
2 1 6 
2 9 13 
2 1 19 
2 11 14 
2 2 12 
2 6 14 
2 3 7 
2 4 14 
2 19 7 
2 5 10 
2 19 8 
2 7 12 
2 6 12 
2 18 10 
2 8 11 
2 0 14 
2 9 11 

2 0 9 
2 5 12 
2 1 7 
2 19 10 
2 3 15 
2 19 5 
2 19 5 
2 19 14 
2 0 12 
2 4 9 
2 18 15 
2 16 12 
2 17 14 
2 8 14 
2 16 6 
2 16 9 
2 7 13 
2 16 6 
2 18 5 
2 8 14 
2 7 8 
2 16 18 
2 9 14 
2 12 13 
2 2 9 
2 3 19 
2 16 13 
2 7 8 
2 17 7 
2 16 7 
2 2 13 
2 0 15 
2 4 5 
2 19 5 
2 1 12 
2 17 4 
2 8 15 
2 3 10 
2 6 12 
2 0 15 
2 1 4 
2 0 7 
2 0 12 
2 0 11 
2 2 3 
2 17 5 
2 16 5 
2 8 12 
2 3 13 
2 18 11 
2 9 10 
2 5 10 
2 6 9 
2 2 6 
2 11 14 
2 1 8 
2 10 11 
2 7 15 
2 4 15 
2 9 12 
2 19 14 
2 3 14 
2 16 5 
2 6 7 
2 7 14 
2 7 13 
2 17 3 
2 17 10 
2 17 3 
2 4 12 
2 6 8 
2 0 18 
2 19 9 
2 18 4 
2 6 7 
2 4 6 
2 16 7 
2 18 3 
2 3 4 
2 0 5 
2 5 6 
2 16 5 
2 4 14 
2 4 15 
2 16 7 
2 4 8 
2 7 12 
2 3 6 
2 3 12 
2 10 12 
2 5 12 
2 16 10 
2 3 7 
2 4 9 
2 18 19 
2 13 14 
2 18 13 
2 2 11 
2 18 3 
2 0 13 
2 19 8 
2 1 10 
2 8 10 
2 0 10 
2 6 7 
2 11 13 
2 4 5 
2 16 10 
2 10 13 
2 17 5 
2 16 13 
2 0 18 
2 12 15 
2 3 7 
2 5 10 
2 17 18 
2 17 14 
2 1 13 
2 18 5 
2 6 15 
2 3 15 
2 0 16 
2 11 12 
2 17 1 
2 19 15 
2 9 14 
2 7 15 
2 2 18 
2 4 6 
2 7 11 
2 19 10 
2 4 15 
2 18 10 
2 17 19 
2 1 11 
2 17 3 
2 3 6 
2 9 11 
2 6 10 
2 17 6 
2 0 2 
2 19 8 
2 0 6 
2 13 14 
2 16 11 
2 5 7 
2 19 6 
2 18 2 
2 0 12 
2 0 12 
2 17 19 
2 1 9 
2 1 3 
2 0 9 
2 16 6 
2 16 1 
2 6 12 
2 1 8 
2 10 13 
2 17 5 
2 7 11 
2 6 10 
2 12 13 
2 9 13 
2 6 13 
2 17 7 
2 1 19 
