10 37 37 true

16 1 12 8 5 1 9 9 13 2 
9 8 3 10 1 11 1 17 8 5 
5 13 16 3 2 6 6 1 16 10 
9 9 8 14 5 19 17 8 1 9 
0 4 4 11 5 10 13 18 4 19 
12 5 0 3 14 1 1 4 13 17 
18 13 17 14 13 4 6 6 13 3 
8 2 19 10 13 2 14 0 3 5 
14 14 16 12 12 9 17 19 8 3 
16 8 1 16 8 7 12 18 3 2 

2 4 6 
2 0 3 
2 0 4 
2 6 9 
2 1 9 
2 0 3 
2 1 3 
2 7 8 
2 5 7 
2 7 9 
2 3 5 
2 0 4 
2 1 6 
2 7 8 
2 6 8 
2 2 8 
2 0 3 
2 2 4 
2 3 7 
2 3 8 
2 4 5 
2 1 7 
2 6 9 
2 0 3 
2 3 4 
2 2 7 
2 5 6 
2 6 7 
2 8 9 
2 7 9 
2 7 8 
2 1 2 
2 5 6 
2 2 6 
2 3 8 
2 3 8 
2 7 9 

2 3 9 
2 1 2 
2 2 4 
2 5 8 
2 0 8 
2 0 3 
2 0 5 
2 5 8 
2 1 6 
2 3 4 
2 7 9 
2 0 1 
2 7 8 
2 1 8 
2 0 4 
2 3 9 
2 3 7 
2 0 5 
2 0 2 
2 6 7 
2 0 1 
2 2 3 
2 0 9 
2 1 2 
2 3 4 
2 8 9 
2 0 3 
2 0 3 
2 3 9 
2 2 8 
2 1 9 
2 5 6 
2 2 9 
2 3 4 
2 5 7 
2 1 3 
2 1 3 
