20 true

7 16 13 3 11 4 6 11 4 18 3 15 16 7 5 9 7 12 5 8 
5 3 11 2 1 8 7 7 5 16 18 2 12 13 9 9 0 10 19 10 
12 8 3 15 15 3 15 0 9 14 2 13 6 14 16 3 17 8 16 14 
8 9 3 14 12 17 10 19 0 14 13 15 3 17 6 15 12 16 10 10 
12 19 18 19 16 15 15 1 9 12 6 15 12 17 10 13 13 5 19 16 
10 17 5 3 17 15 19 4 13 19 10 2 18 3 8 4 3 4 7 17 
14 5 3 10 11 18 4 2 9 15 9 5 4 1 3 10 18 15 0 1 
15 0 11 6 4 14 0 0 0 14 0 15 14 15 2 14 13 17 14 15 
2 7 14 11 4 3 15 14 5 14 19 13 16 7 2 6 0 3 7 5 
13 14 18 1 16 11 8 1 3 15 9 5 3 9 5 12 10 8 7 12 
14 0 7 15 2 7 14 10 5 14 4 7 18 0 15 13 13 16 0 18 
7 9 19 16 5 8 17 4 18 18 19 1 15 2 2 12 2 3 3 14 
3 3 14 1 10 10 4 14 1 11 0 13 0 0 8 11 6 2 7 6 
7 7 15 12 16 10 9 2 8 19 13 3 13 8 4 6 14 9 1 5 
6 13 11 8 15 10 0 16 12 16 8 6 10 14 11 4 12 1 17 6 
12 8 7 5 12 7 11 17 11 6 15 9 3 9 14 13 4 9 17 2 
18 2 18 10 15 13 10 6 9 18 14 12 14 19 0 8 12 1 11 17 
5 15 19 10 7 19 18 5 16 17 12 8 19 17 8 8 11 11 18 19 
16 4 12 13 10 1 0 18 2 6 16 10 1 17 19 7 5 9 9 11 
16 17 18 4 13 1 19 16 15 4 4 13 16 4 10 15 2 0 8 0 

55 55 2 16 19 
2 16 6 
2 5 10 
2 17 12 
2 10 13 
2 14 15 
2 2 11 
2 19 6 
2 2 8 
2 9 10 
2 18 6 
2 9 15 
2 8 9 
2 16 17 
2 17 13 
2 17 4 
2 6 15 
2 16 10 
2 14 15 
2 1 10 
2 18 19 
2 2 6 
2 2 19 
2 3 13 
2 1 13 
2 4 14 
2 3 8 
2 18 12 
2 3 5 
2 9 12 
2 19 6 
2 19 15 
2 6 14 
2 1 17 
2 0 1 
2 7 11 
2 1 6 
2 19 4 
2 6 8 
2 1 15 
2 4 8 
2 3 13 
2 4 8 
2 16 15 
2 5 14 
2 0 3 
2 17 4 
2 1 8 
2 10 13 
2 6 7 
2 17 5 
2 6 12 
2 16 6 
2 9 13 
2 16 13 

2 5 13 
2 2 3 
2 19 14 
2 9 15 
2 4 5 
2 6 13 
2 2 12 
2 5 7 
2 0 13 
2 1 12 
2 18 11 
2 17 18 
2 17 13 
2 7 13 
2 17 6 
2 7 15 
2 3 8 
2 3 14 
2 0 15 
2 0 16 
2 1 15 
2 6 14 
2 1 5 
2 18 8 
2 16 14 
2 8 14 
2 18 15 
2 19 3 
2 7 8 
2 8 10 
2 12 13 
2 1 13 
2 19 13 
2 16 14 
2 4 6 
2 4 10 
2 6 12 
2 1 13 
2 4 15 
2 6 12 
2 19 14 
2 8 12 
2 0 13 
2 17 18 
2 16 4 
2 17 1 
2 5 13 
2 4 12 
2 19 4 
2 0 11 
2 5 13 
2 6 7 
2 8 14 
2 0 3 
2 4 8 
