10 36 36 true

14 14 16 11 7 17 2 2 0 0 
9 2 8 7 16 15 15 11 0 19 
14 15 10 13 13 0 1 15 19 19 
13 6 7 4 11 17 16 10 1 4 
12 14 13 6 9 4 7 17 12 12 
17 2 9 14 0 14 1 4 16 13 
17 18 2 18 10 6 10 17 8 8 
17 15 12 10 18 5 14 17 9 1 
19 1 5 6 0 18 8 4 3 14 
11 2 7 3 10 1 1 2 10 15 

2 0 9 
2 6 9 
2 4 8 
2 0 5 
2 0 7 
2 2 5 
2 3 8 
2 0 8 
2 0 7 
2 7 8 
2 4 6 
2 4 7 
2 0 3 
2 5 9 
2 3 7 
2 4 8 
2 0 9 
2 4 5 
2 0 8 
2 2 9 
2 3 6 
2 1 2 
2 2 6 
2 3 4 
2 1 9 
2 3 5 
2 2 4 
2 4 9 
2 2 6 
2 0 5 
2 2 9 
2 0 6 
2 3 4 
2 5 7 
2 1 2 
2 3 8 

2 2 8 
2 2 7 
2 4 8 
2 2 4 
2 2 6 
2 7 8 
2 0 8 
2 0 9 
2 1 7 
2 2 8 
2 3 6 
2 3 6 
2 4 8 
2 0 6 
2 1 8 
2 2 9 
2 4 6 
2 4 9 
2 3 9 
2 3 4 
2 1 6 
2 6 7 
2 2 5 
2 1 5 
2 1 9 
2 5 9 
2 4 5 
2 5 9 
2 2 8 
2 0 4 
2 0 9 
2 0 1 
2 7 9 
2 1 7 
2 1 2 
2 7 9 
