10 38 38 true

4 0 10 18 4 16 9 2 13 13 
18 10 8 12 2 6 6 6 6 16 
9 3 5 0 10 11 18 4 11 6 
6 7 19 17 2 10 8 1 5 15 
1 10 18 1 19 1 1 0 6 9 
0 5 7 8 4 9 4 5 3 3 
14 8 11 0 8 17 12 13 6 2 
16 7 12 13 19 5 14 17 5 12 
13 8 3 5 8 13 18 11 12 8 
7 1 18 6 8 14 15 4 12 6 

2 2 7 
2 4 5 
2 3 7 
2 1 9 
2 0 2 
2 3 6 
2 2 9 
2 4 8 
2 0 9 
2 1 4 
2 3 8 
2 4 9 
2 6 9 
2 4 7 
2 0 1 
2 0 1 
2 5 8 
2 2 4 
2 2 8 
2 3 8 
2 1 7 
2 2 6 
2 1 7 
2 5 7 
2 6 9 
2 5 6 
2 2 9 
2 0 1 
2 1 3 
2 0 8 
2 1 3 
2 5 6 
2 4 9 
2 1 6 
2 0 7 
2 3 7 
2 2 7 
2 0 9 

2 4 8 
2 0 5 
2 1 9 
2 0 9 
2 3 7 
2 2 3 
2 4 6 
2 3 7 
2 2 8 
2 5 8 
2 3 7 
2 4 8 
2 1 2 
2 6 7 
2 2 9 
2 4 7 
2 3 6 
2 0 6 
2 1 3 
2 1 8 
2 4 9 
2 4 5 
2 2 7 
2 5 9 
2 1 2 
2 3 6 
2 2 5 
2 5 9 
2 2 5 
2 4 8 
2 5 9 
2 3 8 
2 1 3 
2 1 4 
2 6 9 
2 3 9 
2 4 7 
2 2 8 
