10 24 24 true

18 8 16 14 3 18 13 15 0 5 
3 5 0 6 13 10 16 7 5 10 
14 13 15 0 19 18 15 15 1 6 
17 14 12 11 13 1 18 13 18 0 
13 16 16 9 1 4 10 14 2 6 
17 4 7 11 13 16 11 2 17 0 
11 2 0 3 9 4 18 8 18 16 
15 14 1 18 12 5 19 8 3 4 
0 12 5 3 2 17 8 19 18 7 
0 6 11 6 15 18 3 14 12 16 

2 0 3 
2 5 9 
2 5 7 
2 0 2 
2 3 6 
2 1 5 
2 2 5 
2 2 7 
2 0 2 
2 5 9 
2 8 9 
2 4 9 
2 4 6 
2 5 6 
2 5 9 
2 3 6 
2 1 8 
2 1 2 
2 3 4 
2 3 7 
2 2 6 
2 1 3 
2 2 7 
2 6 9 

2 5 9 
2 2 8 
2 1 7 
2 0 2 
2 1 4 
2 5 7 
2 1 9 
2 1 2 
2 0 2 
2 6 8 
2 5 8 
2 0 3 
2 0 6 
2 0 9 
2 0 7 
2 2 6 
2 4 5 
2 7 9 
2 1 4 
2 2 9 
2 5 7 
2 3 8 
2 1 2 
2 1 6 
