20 100 100 true

2 14 18 4 10 19 14 8 11 8 4 6 1 4 12 3 15 14 4 12 
10 4 16 4 15 11 1 19 4 18 8 0 13 17 18 3 6 19 2 16 
5 7 5 9 0 1 8 2 5 18 17 8 12 3 15 16 9 7 8 12 
19 11 11 7 13 19 19 6 11 2 19 19 0 9 13 13 14 8 10 3 
0 3 2 15 4 3 1 19 16 7 12 9 18 16 0 0 4 3 19 4 
16 14 19 7 17 15 15 18 5 19 18 16 6 13 12 16 11 9 4 10 
14 11 12 9 7 14 5 14 10 7 2 14 12 14 15 12 6 16 0 5 
8 17 7 16 16 6 18 4 15 9 12 4 4 4 2 15 6 3 4 19 
11 18 17 16 18 0 13 0 15 12 7 15 7 0 19 1 12 7 17 4 
5 4 9 6 5 10 11 2 6 8 5 17 11 16 0 11 3 15 14 18 
18 2 18 8 6 12 5 15 6 4 3 19 5 9 7 11 2 19 12 10 
2 12 16 16 19 6 16 17 15 10 3 16 7 7 4 7 7 18 0 13 
8 9 18 11 19 18 8 9 1 19 11 4 16 19 0 10 8 14 0 8 
18 10 12 8 11 3 2 7 1 19 1 13 12 13 17 19 16 7 4 1 
17 6 13 8 12 19 18 3 9 16 17 7 13 19 6 15 15 17 3 2 
15 8 17 3 19 12 1 9 11 18 2 6 0 3 5 12 19 16 10 7 
16 18 14 8 13 6 19 14 18 1 11 14 12 14 17 1 14 1 13 1 
13 17 0 9 6 19 10 8 10 17 13 12 7 10 11 16 14 1 16 14 
3 9 5 5 17 1 5 5 11 2 17 8 15 10 14 10 18 1 12 6 
19 1 9 14 6 1 16 11 9 1 10 9 11 17 9 19 8 12 18 5 

2 4 11 
2 18 19 
2 18 6 
2 6 15 
2 14 15 
2 16 11 
2 17 9 
2 1 7 
2 17 11 
2 8 10 
2 17 4 
2 6 12 
2 16 5 
2 2 13 
2 7 8 
2 16 10 
2 2 5 
2 19 4 
2 19 12 
2 18 4 
2 18 4 
2 16 3 
2 17 12 
2 2 12 
2 3 6 
2 2 19 
2 5 10 
2 4 11 
2 3 14 
2 0 7 
2 5 12 
2 1 14 
2 6 10 
2 6 12 
2 1 12 
2 16 17 
2 0 11 
2 4 13 
2 11 12 
2 3 5 
2 3 9 
2 5 13 
2 5 9 
2 0 14 
2 3 4 
2 0 17 
2 19 10 
2 18 9 
2 10 15 
2 4 10 
2 16 15 
2 6 15 
2 17 13 
2 19 13 
2 16 11 
2 19 15 
2 1 2 
2 1 3 
2 4 9 
2 10 12 
2 5 9 
2 2 10 
2 16 6 
2 1 5 
2 6 15 
2 1 18 
2 1 19 
2 17 15 
2 18 2 
2 18 14 
2 0 16 
2 3 19 
2 0 15 
2 2 14 
2 18 7 
2 17 9 
2 0 6 
2 6 9 
2 17 6 
2 3 5 
2 18 2 
2 18 14 
2 8 14 
2 2 18 
2 6 10 
2 8 9 
2 6 9 
2 6 11 
2 11 13 
2 4 8 
2 19 8 
2 2 4 
2 0 6 
2 0 3 
2 2 9 
2 4 5 
2 16 11 
2 2 10 
2 7 11 
2 16 10 

2 0 7 
2 5 9 
2 1 5 
2 0 16 
2 19 13 
2 19 10 
2 4 5 
2 0 2 
2 1 9 
2 19 15 
2 19 5 
2 5 6 
2 5 7 
2 5 11 
2 1 9 
2 8 11 
2 9 14 
2 17 19 
2 0 12 
2 11 14 
2 3 10 
2 14 15 
2 5 8 
2 18 12 
2 4 10 
2 17 4 
2 3 9 
2 2 4 
2 5 12 
2 3 12 
2 9 15 
2 3 15 
2 18 2 
2 17 6 
2 16 14 
2 6 7 
2 2 6 
2 16 5 
2 13 15 
2 4 5 
2 6 9 
2 0 19 
2 8 9 
2 13 14 
2 1 7 
2 3 9 
2 19 10 
2 17 18 
2 16 13 
2 6 8 
2 2 5 
2 1 12 
2 17 15 
2 2 5 
2 0 9 
2 16 2 
2 18 19 
2 6 8 
2 18 19 
2 6 8 
2 9 11 
2 19 15 
2 0 5 
2 0 4 
2 3 11 
2 6 7 
2 16 5 
2 14 15 
2 0 5 
2 19 13 
2 18 19 
2 7 12 
2 17 7 
2 1 5 
2 7 14 
2 11 12 
2 17 2 
2 0 18 
2 8 12 
2 17 9 
2 19 12 
2 16 15 
2 17 9 
2 9 15 
2 2 19 
2 0 9 
2 18 9 
2 4 14 
2 6 11 
2 16 8 
2 18 10 
2 8 14 
2 8 10 
2 0 3 
2 0 1 
2 17 12 
2 1 7 
2 1 19 
2 19 10 
2 17 3 
