9 32 32 true

0 2 12 14 13 7 2 6 10 
16 10 5 10 4 9 5 18 5 
14 9 4 8 7 11 4 17 12 
0 2 17 10 16 6 17 12 9 
5 10 12 12 0 11 2 14 7 
12 6 15 3 12 17 19 1 2 
7 16 13 3 11 2 16 14 18 
0 13 11 10 2 7 5 10 10 
10 6 8 9 2 7 13 13 6 

2 0 7 
2 4 7 
2 4 5 
2 2 3 
2 1 8 
2 0 1 
2 0 7 
2 0 8 
2 1 6 
2 1 8 
2 3 4 
2 6 8 
2 4 6 
2 2 4 
2 1 8 
2 0 4 
2 0 1 
2 6 8 
2 2 7 
2 2 7 
2 1 8 
2 0 4 
2 0 3 
2 3 7 
2 6 7 
2 2 4 
2 2 6 
2 2 8 
2 2 8 
2 0 2 
2 7 8 
2 5 7 

2 5 7 
2 4 5 
2 2 3 
2 2 4 
2 6 7 
2 4 7 
2 6 7 
2 2 7 
2 1 2 
2 1 4 
2 0 4 
2 2 5 
2 5 8 
2 0 5 
2 2 6 
2 0 8 
2 1 7 
2 0 2 
2 1 8 
2 3 8 
2 5 7 
2 0 8 
2 5 8 
2 1 5 
2 0 3 
2 0 3 
2 4 5 
2 1 4 
2 3 6 
2 6 8 
2 2 3 
2 2 5 
