20 114 114 true

0 0 17 9 4 8 18 13 16 9 3 12 6 9 16 19 15 16 0 11 
12 10 8 7 12 16 0 15 8 18 8 18 10 7 9 8 17 14 11 18 
19 7 16 10 3 16 3 6 15 7 19 4 3 16 18 19 1 16 2 6 
11 1 14 17 15 18 16 10 6 10 0 19 1 2 9 13 13 16 3 1 
2 13 14 18 6 11 13 6 10 16 1 10 18 4 19 0 9 18 18 4 
9 2 15 0 12 11 7 4 12 1 19 3 9 17 9 17 14 0 7 19 
18 7 0 11 19 9 1 10 11 19 12 11 11 18 9 16 6 5 0 12 
8 4 9 9 9 11 3 13 19 7 0 13 8 10 2 14 7 6 19 13 
16 3 16 7 3 13 12 15 1 1 11 0 19 6 19 5 6 6 10 5 
19 4 12 18 15 0 3 11 4 3 0 11 4 15 9 7 5 6 12 9 
9 19 8 0 18 18 7 11 5 12 1 9 1 11 1 14 16 10 3 3 
2 2 7 17 14 18 0 19 8 0 18 6 7 13 9 19 2 8 11 14 
4 17 15 3 8 17 2 12 0 11 19 0 10 9 13 12 8 14 14 17 
4 1 13 14 0 10 17 0 10 16 18 1 13 18 15 10 5 15 10 1 
7 2 12 7 2 6 13 3 3 12 12 17 4 14 9 8 16 17 17 5 
3 17 14 0 10 15 11 17 9 1 8 2 11 0 6 13 14 0 10 10 
17 18 3 14 12 3 0 12 18 8 2 9 9 13 15 16 2 15 15 16 
11 8 14 0 10 12 19 11 13 10 19 7 0 4 11 12 2 2 14 15 
10 11 1 1 15 18 0 6 10 5 5 10 11 2 6 4 7 17 4 2 
2 10 16 16 13 7 11 11 8 15 18 11 10 1 9 10 0 12 18 9 

2 9 10 
2 19 7 
2 2 15 
2 1 2 
2 3 7 
2 1 5 
2 8 11 
2 18 9 
2 19 12 
2 9 11 
2 16 17 
2 6 10 
2 7 8 
2 7 14 
2 19 13 
2 4 12 
2 11 12 
2 18 6 
2 2 13 
2 19 5 
2 7 9 
2 18 11 
2 1 6 
2 9 10 
2 16 19 
2 4 9 
2 17 14 
2 16 3 
2 8 15 
2 3 4 
2 11 12 
2 19 5 
2 0 13 
2 4 15 
2 3 14 
2 1 4 
2 18 11 
2 18 19 
2 4 15 
2 16 10 
2 4 9 
2 12 15 
2 3 9 
2 7 13 
2 10 12 
2 6 13 
2 2 5 
2 19 15 
2 0 9 
2 16 12 
2 17 8 
2 13 14 
2 2 13 
2 2 5 
2 19 14 
2 16 15 
2 18 14 
2 7 11 
2 13 15 
2 2 15 
2 0 19 
2 8 13 
2 17 2 
2 0 15 
2 6 7 
2 19 3 
2 19 8 
2 4 13 
2 16 14 
2 16 19 
2 0 4 
2 1 9 
2 3 9 
2 0 5 
2 0 18 
2 6 7 
2 5 12 
2 0 15 
2 18 19 
2 9 11 
2 3 12 
2 5 9 
2 17 15 
2 3 6 
2 17 13 
2 16 17 
2 7 8 
2 1 4 
2 4 5 
2 10 12 
2 17 9 
2 4 10 
2 19 14 
2 8 12 
2 17 9 
2 1 6 
2 16 7 
2 7 9 
2 9 13 
2 3 14 
2 18 5 
2 17 8 
2 5 6 
2 0 14 
2 0 1 
2 10 11 
2 17 5 
2 17 14 
2 11 14 
2 8 13 
2 18 4 
2 2 15 
2 16 14 
2 2 3 

2 1 2 
2 18 14 
2 8 9 
2 1 8 
2 12 13 
2 18 14 
2 19 5 
2 18 10 
2 16 10 
2 2 8 
2 3 14 
2 16 1 
2 2 11 
2 9 14 
2 4 12 
2 16 13 
2 4 13 
2 19 4 
2 16 9 
2 16 3 
2 16 3 
2 8 11 
2 1 19 
2 6 13 
2 1 3 
2 18 4 
2 18 8 
2 16 19 
2 8 9 
2 18 9 
2 18 10 
2 14 15 
2 1 11 
2 9 10 
2 8 10 
2 1 13 
2 17 12 
2 17 4 
2 4 14 
2 1 14 
2 9 13 
2 16 7 
2 8 15 
2 6 15 
2 9 15 
2 17 8 
2 10 13 
2 16 8 
2 17 13 
2 17 1 
2 2 7 
2 17 3 
2 4 7 
2 3 4 
2 2 6 
2 1 5 
2 5 13 
2 2 3 
2 18 5 
2 17 3 
2 18 5 
2 16 6 
2 8 11 
2 4 12 
2 5 10 
2 18 10 
2 3 12 
2 17 5 
2 17 12 
2 16 15 
2 19 7 
2 2 3 
2 3 13 
2 7 12 
2 10 12 
2 5 7 
2 9 15 
2 11 12 
2 16 5 
2 16 17 
2 17 2 
2 16 6 
2 6 13 
2 19 13 
2 2 6 
2 18 7 
2 1 15 
2 5 8 
2 18 8 
2 9 10 
2 14 15 
2 19 13 
2 2 11 
2 10 15 
2 16 8 
2 11 12 
2 2 7 
2 5 10 
2 0 7 
2 19 13 
2 3 10 
2 6 7 
2 3 7 
2 4 10 
2 19 5 
2 12 14 
2 17 15 
2 3 10 
2 2 3 
2 18 14 
2 7 12 
2 12 13 
2 2 3 
2 2 12 
