10 26 26 true

18 14 11 11 17 0 19 2 4 7 
18 0 1 14 6 2 10 17 11 1 
8 14 6 7 14 1 18 5 11 6 
12 1 10 12 18 17 8 2 18 6 
9 17 9 0 7 15 0 4 3 4 
11 13 4 16 0 17 1 10 13 3 
2 9 15 7 8 0 15 7 14 4 
18 9 1 14 7 13 12 18 6 2 
4 16 9 9 10 3 4 8 14 19 
4 19 4 9 4 1 17 2 1 10 

2 1 5 
2 4 5 
2 5 7 
2 6 8 
2 3 5 
2 1 3 
2 0 5 
2 6 8 
2 1 3 
2 2 3 
2 0 7 
2 4 8 
2 4 8 
2 1 4 
2 2 8 
2 7 9 
2 3 4 
2 0 8 
2 8 9 
2 2 6 
2 0 9 
2 2 9 
2 2 5 
2 2 7 
2 2 7 
2 0 6 

2 3 9 
2 6 7 
2 3 7 
2 5 7 
2 0 2 
2 2 6 
2 4 7 
2 0 2 
2 4 6 
2 4 6 
2 2 3 
2 1 5 
2 3 6 
2 2 6 
2 1 3 
2 3 9 
2 2 5 
2 3 9 
2 4 9 
2 2 9 
2 8 9 
2 2 3 
2 1 4 
2 2 9 
2 0 3 
2 0 8 
