20 161 161 true

2 16 13 5 11 15 1 2 12 9 6 16 10 6 18 14 3 18 18 5 
3 19 11 10 18 17 18 0 8 13 2 5 12 2 7 1 13 6 16 4 
11 18 13 4 15 17 1 12 5 15 10 8 14 18 6 18 9 6 4 11 
7 8 3 17 11 5 14 12 18 13 7 14 11 17 18 9 13 1 17 0 
0 5 10 18 0 14 2 9 18 13 11 10 3 12 5 5 6 12 0 1 
16 13 15 17 14 14 14 17 11 13 10 15 18 1 1 12 7 2 14 12 
15 3 14 8 13 1 7 13 19 11 4 16 7 15 14 10 10 17 0 13 
14 10 4 2 4 9 15 11 13 6 15 10 17 14 6 8 3 16 7 18 
18 1 13 9 12 9 4 14 15 19 2 5 16 16 13 17 1 16 8 15 
11 17 18 16 2 16 19 0 7 10 19 10 18 17 7 5 16 4 8 10 
10 16 15 2 13 15 14 12 7 16 4 3 10 11 3 5 4 17 6 19 
5 16 5 3 4 16 11 7 19 6 13 9 5 14 4 17 8 7 2 13 
13 2 3 13 4 14 5 15 13 10 8 8 12 13 11 8 12 18 17 19 
19 3 16 18 13 10 13 2 12 6 16 17 7 17 8 4 8 0 8 12 
14 3 3 13 7 15 18 15 6 5 9 2 10 10 10 4 13 0 17 0 
17 17 9 14 1 13 3 9 7 8 8 19 11 12 13 16 18 9 6 19 
18 9 12 9 9 7 9 17 12 8 12 11 1 3 12 19 13 13 7 5 
18 11 5 10 6 14 17 8 15 7 2 4 16 19 17 4 4 17 0 13 
9 18 8 3 11 7 3 3 6 1 1 18 14 16 15 9 13 3 11 5 
7 11 6 16 19 3 15 4 12 12 13 13 18 15 18 19 10 1 17 6 

2 19 3 
2 17 4 
2 0 19 
2 19 8 
2 7 13 
2 18 13 
2 17 11 
2 16 17 
2 3 12 
2 18 14 
2 18 12 
2 17 4 
2 17 12 
2 6 11 
2 1 3 
2 4 15 
2 3 19 
2 11 13 
2 1 18 
2 5 14 
2 16 4 
2 4 11 
2 16 18 
2 4 11 
2 9 14 
2 18 12 
2 5 11 
2 17 14 
2 9 12 
2 1 18 
2 13 15 
2 19 11 
2 18 9 
2 16 18 
2 8 9 
2 1 15 
2 7 9 
2 5 8 
2 6 10 
2 1 7 
2 6 8 
2 5 6 
2 0 15 
2 6 12 
2 7 12 
2 0 18 
2 4 12 
2 11 15 
2 2 12 
2 11 13 
2 2 13 
2 16 10 
2 2 8 
2 4 8 
2 17 15 
2 5 9 
2 7 11 
2 5 7 
2 3 8 
2 5 14 
2 5 15 
2 18 13 
2 9 10 
2 18 4 
2 19 3 
2 19 11 
2 19 9 
2 17 7 
2 17 10 
2 9 13 
2 1 5 
2 4 11 
2 6 7 
2 19 3 
2 4 14 
2 1 3 
2 3 4 
2 8 14 
2 19 4 
2 6 8 
2 0 4 
2 17 10 
2 12 13 
2 3 13 
2 7 8 
2 2 19 
2 9 15 
2 18 11 
2 16 10 
2 0 7 
2 1 2 
2 4 13 
2 10 11 
2 17 3 
2 0 12 
2 17 3 
2 4 5 
2 17 3 
2 18 19 
2 17 5 
2 1 18 
2 2 5 
2 0 8 
2 3 15 
2 9 10 
2 5 13 
2 18 7 
2 14 15 
2 6 8 
2 2 18 
2 17 19 
2 9 12 
2 13 15 
2 12 14 
2 16 17 
2 5 12 
2 18 12 
2 3 9 
2 2 10 
2 3 15 
2 1 6 
2 9 11 
2 16 4 
2 4 12 
2 6 10 
2 16 7 
2 4 13 
2 17 8 
2 10 15 
2 18 2 
2 5 6 
2 0 16 
2 12 13 
2 0 15 
2 3 8 
2 4 9 
2 2 6 
2 6 7 
2 18 5 
2 0 10 
2 17 9 
2 17 13 
2 4 9 
2 9 14 
2 19 9 
2 3 19 
2 10 13 
2 0 17 
2 18 9 
2 16 14 
2 17 13 
2 4 11 
2 10 11 
2 4 15 
2 6 9 
2 2 11 
2 16 2 
2 18 10 
2 16 18 
2 4 7 
2 3 12 

2 9 10 
2 4 8 
2 12 14 
2 3 11 
2 18 7 
2 10 15 
2 0 4 
2 10 11 
2 6 11 
2 7 13 
2 16 5 
2 0 3 
2 4 10 
2 17 15 
2 3 4 
2 16 7 
2 18 19 
2 11 14 
2 6 11 
2 19 4 
2 0 18 
2 17 10 
2 4 9 
2 13 14 
2 17 7 
2 9 13 
2 5 7 
2 0 14 
2 17 13 
2 13 14 
2 4 13 
2 11 13 
2 17 4 
2 3 15 
2 16 8 
2 3 8 
2 16 9 
2 16 17 
2 16 15 
2 5 7 
2 3 8 
2 18 11 
2 2 8 
2 16 9 
2 3 13 
2 11 12 
2 16 2 
2 16 9 
2 3 15 
2 4 15 
2 17 10 
2 11 12 
2 12 13 
2 3 11 
2 4 15 
2 0 1 
2 18 19 
2 16 14 
2 17 9 
2 6 11 
2 1 12 
2 1 18 
2 9 15 
2 3 5 
2 18 7 
2 6 10 
2 10 13 
2 18 9 
2 0 14 
2 9 11 
2 5 10 
2 17 18 
2 2 8 
2 4 9 
2 16 10 
2 6 8 
2 1 7 
2 6 10 
2 0 2 
2 14 15 
2 5 6 
2 1 10 
2 8 10 
2 1 4 
2 18 3 
2 12 14 
2 18 12 
2 19 6 
2 18 4 
2 6 10 
2 19 9 
2 0 5 
2 17 19 
2 3 9 
2 2 13 
2 18 15 
2 18 8 
2 16 17 
2 17 11 
2 7 10 
2 9 12 
2 17 8 
2 0 2 
2 0 3 
2 1 6 
2 18 14 
2 3 7 
2 18 11 
2 0 7 
2 8 14 
2 1 3 
2 17 11 
2 1 3 
2 19 8 
2 19 5 
2 3 9 
2 18 13 
2 0 15 
2 18 19 
2 1 14 
2 16 15 
2 10 13 
2 9 12 
2 9 12 
2 18 12 
2 12 14 
2 3 10 
2 3 7 
2 17 12 
2 11 12 
2 19 4 
2 3 10 
2 12 13 
2 1 10 
2 6 10 
2 16 13 
2 5 13 
2 16 18 
2 0 5 
2 2 15 
2 0 4 
2 13 14 
2 1 18 
2 6 15 
2 4 5 
2 1 12 
2 5 7 
2 19 5 
2 1 19 
2 0 1 
2 5 14 
2 1 13 
2 11 15 
2 19 10 
2 16 17 
2 2 4 
2 16 3 
2 6 15 
2 17 2 
2 2 15 
2 1 9 
