20 100 100 true

12 17 13 6 5 17 3 1 15 10 11 18 12 2 10 15 16 19 17 7 
3 18 1 4 10 11 15 11 13 5 8 15 15 7 15 7 16 0 12 6 
8 2 16 17 15 10 14 11 18 5 0 13 10 18 3 11 18 8 11 4 
0 3 9 2 7 2 0 11 5 6 17 6 7 6 3 4 16 4 5 2 
0 2 13 2 10 4 16 19 15 3 5 19 4 19 18 12 1 8 8 18 
8 14 8 18 8 2 10 18 2 17 18 2 6 5 10 15 9 11 10 17 
19 3 6 7 4 12 19 16 16 1 19 4 6 5 16 17 3 12 19 13 
0 10 1 0 7 6 13 4 5 1 13 9 18 15 2 1 13 8 13 10 
9 7 16 15 10 16 11 4 13 4 12 11 4 8 4 14 5 12 17 6 
19 8 16 15 4 18 15 13 10 13 3 14 9 1 8 7 4 0 16 2 
10 11 9 0 14 3 18 18 2 1 0 7 16 5 7 18 3 12 11 3 
7 14 9 17 1 8 6 4 15 12 0 17 18 16 6 4 15 15 14 17 
18 4 10 15 8 14 10 5 3 15 6 10 4 18 4 18 11 13 0 8 
5 9 19 5 14 6 17 5 6 1 14 10 7 9 18 7 2 10 7 12 
15 7 18 13 2 6 5 6 16 7 3 4 4 17 1 15 4 16 6 3 
3 7 9 11 7 7 15 9 14 5 16 8 16 12 2 6 16 5 16 0 
6 13 12 12 2 17 2 9 6 17 18 9 18 5 5 14 7 8 6 3 
1 7 14 11 1 10 11 4 4 7 12 8 15 0 18 8 12 19 14 6 
6 3 6 17 9 8 9 1 3 10 17 13 18 4 7 10 2 11 7 4 
16 2 12 5 1 17 12 11 14 4 16 6 17 18 8 9 7 4 2 14 

2 1 9 
2 7 13 
2 1 6 
2 1 4 
2 16 13 
2 16 17 
2 17 11 
2 3 7 
2 13 15 
2 4 13 
2 0 12 
2 17 2 
2 19 9 
2 2 19 
2 3 5 
2 9 10 
2 7 11 
2 19 13 
2 19 13 
2 7 9 
2 14 15 
2 16 1 
2 11 12 
2 18 5 
2 0 5 
2 18 7 
2 19 12 
2 18 14 
2 4 13 
2 17 8 
2 16 9 
2 17 8 
2 18 12 
2 17 6 
2 17 8 
2 4 10 
2 16 15 
2 0 2 
2 16 5 
2 5 6 
2 19 8 
2 4 11 
2 3 4 
2 1 4 
2 2 10 
2 17 12 
2 10 12 
2 2 18 
2 14 15 
2 1 3 
2 18 5 
2 9 13 
2 3 13 
2 17 9 
2 2 6 
2 1 7 
2 2 13 
2 0 9 
2 7 10 
2 16 17 
2 16 11 
2 2 15 
2 0 4 
2 5 9 
2 17 10 
2 17 5 
2 1 19 
2 3 8 
2 0 15 
2 4 8 
2 17 14 
2 17 3 
2 16 7 
2 0 13 
2 17 14 
2 8 13 
2 16 9 
2 7 13 
2 3 8 
2 0 15 
2 2 12 
2 2 18 
2 18 6 
2 4 10 
2 1 13 
2 2 4 
2 3 8 
2 12 15 
2 18 9 
2 17 10 
2 6 10 
2 6 7 
2 16 6 
2 16 2 
2 19 5 
2 5 12 
2 7 8 
2 19 14 
2 0 7 
2 0 13 

2 6 9 
2 8 9 
2 18 10 
2 17 7 
2 1 9 
2 0 5 
2 11 14 
2 3 13 
2 16 17 
2 2 8 
2 2 15 
2 18 15 
2 6 13 
2 17 6 
2 18 9 
2 3 6 
2 19 3 
2 2 14 
2 19 7 
2 0 15 
2 3 19 
2 2 3 
2 0 10 
2 4 14 
2 8 11 
2 19 8 
2 3 4 
2 1 13 
2 0 1 
2 18 4 
2 18 13 
2 6 15 
2 11 12 
2 19 14 
2 8 9 
2 4 5 
2 19 9 
2 17 2 
2 17 11 
2 18 12 
2 7 8 
2 8 9 
2 3 13 
2 8 13 
2 4 11 
2 2 4 
2 5 14 
2 6 13 
2 2 14 
2 8 12 
2 6 7 
2 6 9 
2 16 17 
2 8 12 
2 1 14 
2 16 15 
2 18 5 
2 14 15 
2 3 6 
2 4 8 
2 18 7 
2 0 15 
2 5 10 
2 3 15 
2 2 11 
2 2 4 
2 17 5 
2 18 10 
2 19 8 
2 4 15 
2 4 6 
2 10 15 
2 8 14 
2 18 4 
2 7 11 
2 4 12 
2 17 14 
2 16 9 
2 18 14 
2 0 3 
2 3 6 
2 4 7 
2 14 15 
2 3 9 
2 5 11 
2 7 14 
2 4 10 
2 16 5 
2 17 5 
2 18 15 
2 4 13 
2 18 12 
2 5 12 
2 17 19 
2 19 13 
2 2 13 
2 12 15 
2 17 14 
2 0 9 
2 7 15 
