20 112 112 true

15 12 1 19 18 17 10 13 7 1 13 13 0 12 11 10 7 18 2 12 
4 15 18 1 2 11 17 4 6 19 2 5 14 8 4 6 14 14 11 3 
15 1 15 19 6 10 4 10 18 14 16 8 14 6 15 10 13 3 13 18 
1 5 1 17 14 0 7 14 12 5 15 9 9 16 12 5 14 13 14 5 
16 6 12 2 7 14 3 11 12 0 10 0 17 5 10 18 6 17 1 18 
12 4 15 10 4 3 16 5 7 14 2 11 10 14 16 0 16 8 4 18 
13 10 5 2 5 14 10 8 13 6 11 14 16 9 17 1 13 6 9 1 
15 4 12 5 14 10 1 8 7 10 17 1 5 9 5 16 17 4 3 16 
3 11 10 8 15 15 17 8 0 0 10 7 14 10 7 14 7 18 8 3 
16 8 18 7 8 11 15 1 2 11 19 2 18 12 0 0 11 17 18 5 
1 9 19 2 9 18 5 5 14 14 6 8 6 12 1 17 18 14 1 1 
15 16 5 3 15 11 19 4 11 2 18 15 3 1 16 11 0 1 1 17 
3 13 11 19 7 16 10 0 7 7 2 3 19 17 3 18 16 10 8 11 
9 7 4 4 0 10 17 2 0 0 2 6 15 19 11 6 10 5 2 16 
13 15 5 18 12 8 9 11 5 17 10 3 18 16 11 13 18 16 10 6 
19 14 15 16 13 8 1 2 14 6 16 15 9 13 5 19 18 0 6 19 
14 4 1 16 19 14 4 10 4 5 10 6 3 15 14 0 15 6 13 11 
2 4 7 19 7 8 6 3 11 10 11 13 4 11 16 7 7 8 16 14 
12 7 8 18 14 5 2 19 2 1 16 14 9 19 19 11 3 9 12 3 
13 7 17 5 10 17 2 2 0 10 4 7 0 17 16 13 5 14 19 7 

2 2 5 
2 17 10 
2 4 7 
2 7 11 
2 5 12 
2 5 11 
2 10 11 
2 13 14 
2 17 2 
2 2 10 
2 1 10 
2 17 15 
2 0 7 
2 4 7 
2 18 19 
2 7 13 
2 5 13 
2 5 10 
2 6 10 
2 0 14 
2 12 13 
2 0 8 
2 16 13 
2 11 13 
2 16 13 
2 4 11 
2 3 6 
2 3 11 
2 3 8 
2 16 12 
2 2 4 
2 4 12 
2 18 19 
2 16 7 
2 5 10 
2 18 14 
2 5 13 
2 7 12 
2 1 7 
2 18 4 
2 9 11 
2 18 8 
2 18 12 
2 0 12 
2 17 9 
2 8 10 
2 18 2 
2 0 14 
2 16 12 
2 16 17 
2 2 7 
2 16 3 
2 4 5 
2 19 11 
2 1 6 
2 19 4 
2 17 10 
2 4 5 
2 16 0 
2 3 12 
2 1 19 
2 4 13 
2 3 7 
2 0 8 
2 19 7 
2 13 14 
2 0 19 
2 7 12 
2 6 11 
2 1 19 
2 4 12 
2 1 5 
2 19 4 
2 4 15 
2 18 15 
2 9 13 
2 17 19 
2 3 8 
2 0 9 
2 17 7 
2 8 11 
2 17 2 
2 2 4 
2 0 11 
2 1 19 
2 17 8 
2 6 13 
2 7 9 
2 4 7 
2 2 10 
2 12 14 
2 19 9 
2 19 6 
2 0 2 
2 2 7 
2 3 13 
2 7 13 
2 3 15 
2 2 15 
2 16 5 
2 3 4 
2 18 4 
2 18 5 
2 5 9 
2 8 9 
2 6 10 
2 18 12 
2 3 5 
2 3 9 
2 1 2 
2 17 13 
2 6 7 

2 17 12 
2 16 18 
2 3 8 
2 18 3 
2 16 1 
2 2 8 
2 0 1 
2 19 7 
2 0 7 
2 1 11 
2 2 13 
2 17 8 
2 18 11 
2 0 1 
2 17 12 
2 19 6 
2 0 3 
2 0 7 
2 16 3 
2 7 14 
2 2 12 
2 5 12 
2 0 8 
2 5 7 
2 2 12 
2 16 6 
2 10 13 
2 19 11 
2 8 15 
2 19 14 
2 8 9 
2 8 12 
2 1 10 
2 6 14 
2 7 9 
2 16 17 
2 4 7 
2 19 8 
2 1 19 
2 8 9 
2 5 12 
2 18 10 
2 1 18 
2 3 11 
2 16 3 
2 7 15 
2 18 8 
2 4 6 
2 17 14 
2 1 8 
2 9 13 
2 19 8 
2 0 17 
2 19 8 
2 1 12 
2 7 10 
2 9 15 
2 18 3 
2 9 13 
2 18 4 
2 7 9 
2 0 17 
2 10 14 
2 1 6 
2 1 11 
2 7 11 
2 4 10 
2 0 9 
2 7 10 
2 3 12 
2 16 19 
2 6 15 
2 3 11 
2 14 15 
2 4 6 
2 1 15 
2 19 5 
2 18 8 
2 4 10 
2 11 15 
2 0 1 
2 17 2 
2 2 5 
2 8 14 
2 7 10 
2 16 7 
2 6 15 
2 5 6 
2 1 4 
2 9 15 
2 0 9 
2 17 6 
2 5 6 
2 16 11 
2 0 15 
2 5 15 
2 19 15 
2 19 5 
2 19 14 
2 16 19 
2 2 10 
2 6 9 
2 6 10 
2 3 7 
2 6 8 
2 18 13 
2 12 15 
2 16 15 
2 18 11 
2 2 15 
2 10 11 
2 10 13 
