20 153 153 true

8 0 16 19 9 13 18 19 9 0 12 2 6 13 9 1 12 16 5 11 
2 18 4 16 4 14 2 5 2 11 17 11 3 7 3 18 12 3 4 3 
14 17 17 2 9 16 2 4 11 13 18 17 16 7 11 12 11 4 15 13 
18 19 17 2 9 6 16 2 0 13 14 11 0 0 16 2 11 11 8 0 
4 17 18 7 2 1 18 2 4 16 4 14 13 8 12 1 16 4 9 2 
14 7 0 1 6 5 15 12 19 18 14 14 10 14 19 3 11 9 14 15 
8 10 14 14 12 14 6 3 8 17 12 2 10 16 4 1 12 2 13 6 
19 9 11 10 6 15 19 19 6 16 0 11 19 15 16 15 0 7 18 13 
18 10 10 15 19 4 2 12 5 6 18 9 14 14 19 7 14 16 2 2 
4 2 13 10 13 17 2 18 14 11 3 2 13 9 15 0 12 8 6 6 
5 11 3 17 12 14 7 4 17 8 14 0 11 14 16 18 4 7 2 11 
15 5 11 4 4 3 8 12 17 14 1 5 17 9 5 5 1 2 6 13 
9 12 18 10 19 11 8 16 10 11 18 9 2 14 11 17 9 15 7 3 
8 13 11 10 7 13 15 7 4 12 6 15 5 19 17 8 15 12 2 4 
4 18 5 10 4 3 14 19 13 4 16 12 13 16 18 2 11 3 2 18 
7 2 16 14 0 12 18 9 15 7 12 3 3 6 2 3 3 19 5 17 
10 10 6 5 9 2 16 9 8 10 3 10 7 3 5 8 11 2 2 7 
11 11 0 7 18 13 11 17 2 10 7 9 5 17 14 6 12 18 17 7 
9 0 19 10 2 11 14 8 6 4 2 2 19 10 5 15 16 1 13 14 
16 19 19 12 19 14 2 9 5 16 17 5 13 4 11 10 10 9 15 7 

2 0 5 
2 5 15 
2 2 5 
2 8 15 
2 8 10 
2 3 14 
2 0 8 
2 2 15 
2 18 13 
2 18 12 
2 0 14 
2 9 12 
2 8 13 
2 5 14 
2 1 19 
2 12 14 
2 7 14 
2 1 13 
2 17 4 
2 18 3 
2 16 11 
2 4 8 
2 2 5 
2 5 8 
2 17 3 
2 5 8 
2 3 15 
2 17 10 
2 2 6 
2 1 19 
2 6 14 
2 16 15 
2 8 11 
2 18 19 
2 0 5 
2 17 7 
2 0 4 
2 18 6 
2 3 13 
2 16 17 
2 16 2 
2 1 15 
2 3 7 
2 9 13 
2 4 13 
2 9 11 
2 7 15 
2 2 5 
2 2 9 
2 7 9 
2 0 17 
2 16 18 
2 0 18 
2 19 10 
2 1 8 
2 8 15 
2 7 9 
2 12 15 
2 10 15 
2 18 14 
2 1 3 
2 3 15 
2 1 2 
2 2 7 
2 16 10 
2 3 13 
2 0 1 
2 6 14 
2 10 12 
2 10 12 
2 8 13 
2 8 15 
2 6 13 
2 7 10 
2 4 10 
2 16 18 
2 0 12 
2 9 13 
2 16 13 
2 6 9 
2 6 8 
2 16 1 
2 19 9 
2 2 6 
2 19 9 
2 2 6 
2 6 9 
2 12 14 
2 5 15 
2 17 12 
2 4 12 
2 4 7 
2 16 5 
2 12 13 
2 11 15 
2 8 12 
2 0 12 
2 18 11 
2 9 15 
2 1 8 
2 4 9 
2 0 2 
2 6 12 
2 19 15 
2 10 13 
2 17 13 
2 1 5 
2 5 15 
2 3 15 
2 7 8 
2 1 18 
2 16 6 
2 19 14 
2 6 9 
2 16 8 
2 2 12 
2 2 8 
2 2 5 
2 18 10 
2 3 13 
2 17 18 
2 18 13 
2 4 7 
2 6 9 
2 19 8 
2 1 2 
2 3 11 
2 0 6 
2 0 9 
2 4 15 
2 16 1 
2 6 14 
2 0 8 
2 3 15 
2 18 14 
2 3 7 
2 4 13 
2 1 11 
2 8 11 
2 4 14 
2 2 12 
2 10 11 
2 18 13 
2 3 11 
2 7 8 
2 19 12 
2 4 14 
2 10 12 
2 2 4 
2 7 12 
2 17 12 
2 19 12 
2 19 11 

2 6 14 
2 0 18 
2 6 8 
2 2 6 
2 4 10 
2 17 8 
2 18 19 
2 4 10 
2 11 12 
2 7 10 
2 18 13 
2 5 9 
2 18 3 
2 2 4 
2 0 16 
2 16 12 
2 3 4 
2 18 7 
2 18 15 
2 3 8 
2 3 5 
2 7 10 
2 12 14 
2 18 15 
2 0 5 
2 6 14 
2 5 14 
2 4 6 
2 5 7 
2 16 4 
2 17 10 
2 5 6 
2 18 14 
2 17 13 
2 16 19 
2 1 11 
2 19 8 
2 18 3 
2 16 18 
2 2 10 
2 16 7 
2 19 7 
2 3 15 
2 0 6 
2 0 14 
2 18 3 
2 6 11 
2 18 8 
2 17 18 
2 7 14 
2 19 8 
2 7 11 
2 1 4 
2 16 5 
2 2 13 
2 19 7 
2 1 4 
2 4 14 
2 6 14 
2 1 13 
2 0 4 
2 1 4 
2 19 11 
2 16 14 
2 18 8 
2 0 18 
2 4 7 
2 17 13 
2 18 15 
2 18 10 
2 3 6 
2 12 14 
2 3 4 
2 4 12 
2 5 10 
2 7 11 
2 17 8 
2 16 7 
2 6 12 
2 4 12 
2 4 13 
2 18 6 
2 2 7 
2 17 18 
2 11 14 
2 17 8 
2 6 10 
2 19 6 
2 3 7 
2 11 12 
2 18 9 
2 16 6 
2 8 15 
2 8 13 
2 1 15 
2 16 10 
2 6 9 
2 6 12 
2 0 6 
2 1 13 
2 1 11 
2 12 14 
2 10 13 
2 3 9 
2 16 4 
2 9 14 
2 11 15 
2 2 8 
2 13 15 
2 17 7 
2 1 19 
2 3 7 
2 0 5 
2 18 15 
2 17 19 
2 2 14 
2 10 13 
2 0 8 
2 9 15 
2 8 15 
2 8 15 
2 16 8 
2 17 4 
2 16 1 
2 6 13 
2 16 7 
2 17 7 
2 16 8 
2 16 10 
2 9 10 
2 1 3 
2 7 9 
2 1 15 
2 17 18 
2 5 9 
2 7 9 
2 1 5 
2 16 7 
2 16 13 
2 2 7 
2 7 13 
2 18 4 
2 17 6 
2 0 5 
2 19 9 
2 0 13 
2 5 7 
2 6 14 
2 3 6 
2 10 12 
2 8 10 
2 17 15 
2 16 2 
