10 37 37 true

1 18 10 17 13 9 8 14 2 7 
13 6 19 15 1 12 18 4 8 6 
11 10 3 12 6 1 8 9 7 17 
16 7 9 0 10 11 3 11 17 2 
5 9 18 19 14 4 14 6 18 8 
8 9 16 2 14 8 13 11 10 2 
17 17 1 10 2 2 0 2 6 16 
7 16 10 3 16 3 19 4 17 5 
1 15 14 2 10 3 7 17 16 10 
4 0 18 11 16 3 16 16 19 6 

2 0 7 
2 0 7 
2 0 8 
2 8 9 
2 4 8 
2 4 5 
2 1 8 
2 5 9 
2 0 7 
2 0 1 
2 4 7 
2 1 6 
2 4 6 
2 3 7 
2 0 1 
2 6 8 
2 2 8 
2 4 9 
2 5 9 
2 0 9 
2 1 8 
2 1 2 
2 5 6 
2 8 9 
2 7 9 
2 7 8 
2 0 8 
2 2 6 
2 8 9 
2 6 8 
2 7 9 
2 0 8 
2 1 6 
2 1 5 
2 6 9 
2 4 9 
2 4 9 

2 4 9 
2 0 9 
2 4 9 
2 1 2 
2 3 9 
2 4 5 
2 0 3 
2 2 9 
2 5 7 
2 2 8 
2 3 8 
2 4 7 
2 5 6 
2 3 6 
2 8 9 
2 0 3 
2 2 6 
2 2 3 
2 3 6 
2 1 7 
2 3 6 
2 0 7 
2 1 6 
2 1 9 
2 0 9 
2 0 9 
2 7 8 
2 1 2 
2 1 2 
2 1 6 
2 6 9 
2 2 6 
2 6 8 
2 4 6 
2 2 6 
2 1 8 
2 0 5 
