20 171 171 true

12 9 6 10 12 16 18 6 0 2 14 11 17 14 5 13 10 11 16 18 
3 16 13 4 9 6 3 12 11 12 5 2 11 8 11 19 6 12 12 5 
16 18 0 19 0 15 17 11 4 16 14 1 12 7 8 0 12 3 12 19 
13 12 16 3 11 17 0 7 3 4 18 4 8 8 19 4 0 13 1 6 
18 16 6 4 0 2 11 13 7 13 7 2 16 8 12 14 2 1 11 15 
8 4 18 16 7 3 14 9 14 12 0 10 9 4 2 3 12 5 18 18 
19 18 14 5 11 19 1 17 0 13 19 15 18 2 11 13 13 14 7 1 
4 11 3 1 13 14 19 0 18 3 0 9 5 9 4 16 5 11 3 12 
12 17 17 8 14 15 5 3 17 12 6 11 6 4 14 18 4 9 10 12 
10 16 11 17 9 1 4 11 11 15 19 10 6 7 5 11 10 13 11 11 
13 13 5 16 11 13 6 1 17 3 19 5 2 3 8 10 3 15 10 3 
10 19 7 6 0 0 15 10 1 15 13 10 5 10 9 15 11 19 5 17 
9 1 3 3 10 9 10 6 19 15 5 4 17 17 0 17 6 9 17 4 
4 9 17 15 14 4 6 13 16 15 4 16 14 19 17 8 7 8 9 7 
19 2 3 14 6 5 3 8 9 13 4 6 7 2 16 8 8 2 4 0 
15 10 17 8 9 8 11 3 18 2 6 4 13 12 18 12 7 10 16 18 
14 6 2 11 14 13 14 14 4 14 17 5 6 14 15 17 12 18 4 8 
9 8 15 14 3 4 3 3 13 15 4 2 13 4 3 10 10 8 8 12 
3 15 17 13 14 9 15 14 15 9 13 15 16 9 17 3 1 2 9 14 
9 12 17 0 8 1 15 9 4 9 4 18 3 5 6 15 17 13 1 1 

2 10 12 
2 0 3 
2 17 5 
2 12 13 
2 7 14 
2 2 6 
2 17 2 
2 2 10 
2 12 14 
2 3 11 
2 7 14 
2 12 13 
2 3 10 
2 16 18 
2 1 4 
2 5 14 
2 10 11 
2 9 11 
2 6 11 
2 17 13 
2 16 10 
2 19 10 
2 16 17 
2 4 9 
2 1 17 
2 0 4 
2 7 9 
2 5 6 
2 2 19 
2 16 10 
2 10 13 
2 3 8 
2 9 10 
2 1 3 
2 17 14 
2 1 2 
2 8 13 
2 3 19 
2 0 2 
2 17 7 
2 3 14 
2 17 11 
2 12 15 
2 19 8 
2 18 9 
2 12 15 
2 14 15 
2 2 11 
2 0 10 
2 19 5 
2 5 13 
2 5 9 
2 16 11 
2 0 12 
2 7 13 
2 1 4 
2 2 7 
2 12 13 
2 0 18 
2 5 15 
2 0 2 
2 17 9 
2 2 5 
2 4 12 
2 8 13 
2 11 15 
2 16 17 
2 10 12 
2 4 6 
2 0 19 
2 17 7 
2 1 5 
2 7 10 
2 10 15 
2 8 11 
2 2 19 
2 0 12 
2 12 13 
2 18 7 
2 19 10 
2 0 6 
2 18 10 
2 0 14 
2 5 14 
2 1 2 
2 18 9 
2 18 4 
2 9 15 
2 1 3 
2 18 4 
2 18 10 
2 1 17 
2 6 9 
2 4 12 
2 10 12 
2 17 15 
2 16 15 
2 3 5 
2 2 18 
2 10 14 
2 13 14 
2 18 7 
2 4 7 
2 6 7 
2 7 14 
2 1 14 
2 2 12 
2 2 3 
2 0 7 
2 2 4 
2 1 18 
2 7 15 
2 4 14 
2 12 15 
2 19 14 
2 16 7 
2 18 4 
2 10 11 
2 4 5 
2 3 15 
2 4 8 
2 3 11 
2 3 6 
2 19 8 
2 19 3 
2 2 11 
2 2 11 
2 8 10 
2 18 15 
2 2 6 
2 2 11 
2 2 15 
2 10 12 
2 8 12 
2 4 10 
2 12 15 
2 17 18 
2 6 8 
2 10 14 
2 11 14 
2 16 8 
2 8 9 
2 5 8 
2 5 6 
2 16 10 
2 7 10 
2 16 4 
2 0 1 
2 18 13 
2 14 15 
2 16 2 
2 5 14 
2 16 7 
2 0 19 
2 12 13 
2 9 14 
2 4 8 
2 2 12 
2 4 6 
2 4 15 
2 9 14 
2 4 13 
2 6 12 
2 16 6 
2 8 13 
2 16 19 
2 4 6 
2 12 13 
2 2 11 
2 11 15 
2 5 7 

2 6 15 
2 7 11 
2 1 13 
2 6 8 
2 2 11 
2 0 7 
2 2 3 
2 6 11 
2 8 10 
2 1 6 
2 4 7 
2 19 13 
2 16 12 
2 12 14 
2 2 9 
2 18 11 
2 17 13 
2 16 15 
2 5 14 
2 16 3 
2 1 5 
2 8 12 
2 17 1 
2 5 13 
2 18 3 
2 16 10 
2 2 10 
2 4 15 
2 0 1 
2 3 14 
2 16 8 
2 0 15 
2 3 7 
2 12 13 
2 3 9 
2 4 11 
2 9 13 
2 6 10 
2 5 14 
2 18 9 
2 17 9 
2 6 10 
2 11 12 
2 16 14 
2 0 15 
2 0 13 
2 3 10 
2 1 4 
2 3 5 
2 0 14 
2 18 9 
2 5 12 
2 5 12 
2 17 15 
2 3 5 
2 18 5 
2 18 3 
2 13 14 
2 1 6 
2 16 6 
2 10 14 
2 3 8 
2 4 15 
2 16 19 
2 2 14 
2 18 7 
2 1 14 
2 16 5 
2 1 13 
2 4 9 
2 4 5 
2 6 13 
2 8 9 
2 8 10 
2 3 12 
2 1 18 
2 3 12 
2 16 8 
2 5 7 
2 7 14 
2 8 15 
2 12 14 
2 0 19 
2 16 10 
2 18 9 
2 7 13 
2 0 3 
2 19 13 
2 16 8 
2 6 7 
2 10 13 
2 0 14 
2 5 11 
2 16 14 
2 5 6 
2 1 4 
2 1 14 
2 2 19 
2 8 14 
2 16 4 
2 2 6 
2 19 5 
2 18 4 
2 2 5 
2 9 14 
2 6 7 
2 1 13 
2 18 19 
2 8 10 
2 16 9 
2 18 6 
2 0 19 
2 16 3 
2 18 14 
2 10 12 
2 1 4 
2 17 4 
2 18 4 
2 18 15 
2 8 10 
2 18 14 
2 3 13 
2 0 7 
2 0 17 
2 19 10 
2 4 6 
2 4 10 
2 19 12 
2 17 12 
2 11 15 
2 3 5 
2 18 4 
2 4 13 
2 2 7 
2 8 11 
2 16 1 
2 1 15 
2 6 11 
2 10 15 
2 11 15 
2 2 13 
2 0 15 
2 19 15 
2 11 14 
2 16 13 
2 10 12 
2 2 6 
2 0 5 
2 0 7 
2 3 4 
2 9 12 
2 2 9 
2 10 12 
2 3 5 
2 17 8 
2 4 13 
2 0 14 
2 19 10 
2 0 3 
2 17 11 
2 17 15 
2 2 15 
2 5 7 
2 6 8 
2 16 17 
2 16 0 
2 10 12 
2 17 3 
2 2 3 
2 2 11 
2 17 1 
