9 28 28 true

1 11 9 6 13 8 7 15 10 
7 17 0 19 15 9 17 9 3 
6 15 5 3 11 18 3 2 12 
15 9 15 6 10 6 17 18 2 
16 18 10 6 1 5 13 0 15 
4 10 9 0 4 15 16 0 3 
19 16 3 15 7 12 8 1 11 
4 2 4 13 11 19 10 17 17 
6 15 4 11 19 13 1 11 6 

2 0 1 
2 6 7 
2 3 4 
2 1 5 
2 0 6 
2 2 7 
2 3 8 
2 1 4 
2 1 5 
2 3 6 
2 1 3 
2 3 6 
2 0 8 
2 4 7 
2 2 6 
2 7 8 
2 3 5 
2 3 7 
2 6 7 
2 3 4 
2 5 7 
2 3 8 
2 2 4 
2 0 1 
2 3 6 
2 7 8 
2 2 6 
2 0 4 

2 0 1 
2 5 8 
2 5 6 
2 1 2 
2 2 3 
2 2 5 
2 1 7 
2 3 4 
2 2 6 
2 0 2 
2 2 7 
2 2 8 
2 1 8 
2 1 5 
2 1 5 
2 0 7 
2 1 4 
2 2 6 
2 4 7 
2 4 5 
2 1 2 
2 3 8 
2 4 5 
2 3 6 
2 0 2 
2 6 8 
2 3 8 
2 4 5 
