10 22 22 true

15 1 16 8 8 4 19 15 7 6 
8 7 11 18 7 4 13 2 16 10 
15 10 6 2 4 5 17 5 6 17 
19 11 16 1 16 7 19 3 4 7 
18 7 9 8 5 3 17 19 9 5 
14 8 0 13 12 15 14 10 4 2 
11 5 6 5 2 17 7 9 3 12 
1 12 0 1 8 1 3 17 18 17 
14 4 18 7 15 8 13 7 7 0 
1 15 14 2 10 8 17 14 6 9 

2 0 2 
2 0 1 
2 0 8 
2 5 9 
2 1 7 
2 3 8 
2 5 9 
2 0 6 
2 3 4 
2 7 9 
2 5 8 
2 0 6 
2 6 8 
2 6 8 
2 4 8 
2 3 8 
2 0 5 
2 6 8 
2 4 6 
2 2 9 
2 3 8 
2 1 3 

2 1 9 
2 4 8 
2 3 7 
2 0 3 
2 0 9 
2 3 5 
2 1 5 
2 6 7 
2 0 2 
2 3 6 
2 2 8 
2 7 8 
2 1 6 
2 3 8 
2 1 5 
2 0 6 
2 1 6 
2 0 9 
2 0 9 
2 0 1 
2 0 6 
2 1 6 
