10 24 24 true

12 19 17 2 19 9 6 10 8 14 
0 16 6 7 2 6 8 3 19 5 
8 13 12 3 11 3 2 3 17 3 
18 7 6 14 0 11 18 12 3 19 
10 1 7 15 5 1 6 6 3 13 
12 8 11 15 6 8 4 16 3 14 
18 5 14 17 5 11 14 2 9 14 
17 1 18 18 10 10 17 13 9 3 
0 15 19 3 8 16 2 18 11 7 
13 7 11 7 10 15 14 7 16 7 

2 2 3 
2 1 8 
2 0 4 
2 7 8 
2 0 8 
2 5 8 
2 2 3 
2 5 9 
2 1 2 
2 1 4 
2 5 6 
2 1 8 
2 0 7 
2 0 1 
2 3 5 
2 0 8 
2 4 8 
2 1 5 
2 6 9 
2 3 8 
2 0 6 
2 2 3 
2 0 7 
2 4 6 

2 2 9 
2 0 8 
2 6 8 
2 0 4 
2 4 7 
2 3 7 
2 7 8 
2 2 7 
2 0 5 
2 1 9 
2 1 4 
2 4 8 
2 0 6 
2 4 6 
2 7 9 
2 1 3 
2 3 9 
2 4 5 
2 1 4 
2 5 9 
2 3 9 
2 4 5 
2 2 3 
2 0 3 
