10 23 23 true

12 16 5 19 2 16 19 6 17 11 
9 7 7 2 0 3 10 12 14 4 
6 9 19 13 2 10 17 9 17 11 
17 1 3 7 0 8 18 8 18 16 
8 12 4 2 19 0 17 19 16 18 
9 18 1 12 17 10 10 15 7 17 
9 10 5 5 6 0 12 12 13 7 
13 5 18 16 14 9 8 15 19 18 
11 0 12 16 7 6 1 16 15 12 
9 10 1 1 2 4 12 11 16 16 

2 1 5 
2 2 9 
2 3 4 
2 2 9 
2 4 6 
2 2 4 
2 3 4 
2 0 9 
2 2 6 
2 7 9 
2 4 8 
2 3 6 
2 4 5 
2 5 9 
2 0 4 
2 2 8 
2 4 5 
2 1 5 
2 0 1 
2 0 2 
2 5 8 
2 7 8 
2 4 5 

2 0 6 
2 0 3 
2 0 6 
2 5 9 
2 0 6 
2 7 8 
2 0 3 
2 1 6 
2 4 8 
2 1 2 
2 2 7 
2 1 3 
2 2 6 
2 4 8 
2 0 7 
2 0 3 
2 1 5 
2 0 5 
2 0 8 
2 4 5 
2 0 1 
2 6 7 
2 4 6 
