9 31 31 true

11 14 10 7 5 17 7 15 2 
14 6 11 7 1 12 15 4 15 
16 1 4 18 11 10 0 14 11 
4 1 9 15 0 8 17 1 17 
9 14 13 6 9 16 3 14 12 
7 18 9 2 19 19 18 8 4 
11 13 4 1 4 10 9 10 16 
0 15 18 4 1 14 0 14 6 
18 6 13 4 8 18 16 14 17 

2 1 7 
2 2 5 
2 5 6 
2 5 7 
2 7 8 
2 3 6 
2 1 2 
2 1 4 
2 2 8 
2 1 6 
2 2 6 
2 5 7 
2 5 6 
2 5 8 
2 1 6 
2 1 5 
2 3 4 
2 4 5 
2 0 4 
2 0 4 
2 1 7 
2 0 3 
2 0 6 
2 7 8 
2 3 8 
2 4 6 
2 1 4 
2 1 8 
2 0 8 
2 0 1 
2 4 5 

2 1 6 
2 6 8 
2 4 8 
2 3 5 
2 2 3 
2 1 7 
2 2 7 
2 2 6 
2 6 8 
2 2 8 
2 6 7 
2 0 4 
2 5 7 
2 0 1 
2 7 8 
2 4 7 
2 4 5 
2 3 7 
2 5 7 
2 1 5 
2 2 6 
2 1 8 
2 2 3 
2 1 4 
2 3 4 
2 2 3 
2 6 8 
2 3 4 
2 4 6 
2 5 7 
2 1 6 
