10 22 22 true

3 16 4 12 6 9 3 19 6 15 
10 0 18 8 2 6 8 16 0 18 
14 15 8 18 19 1 11 0 17 10 
15 18 15 12 9 5 8 1 18 9 
11 3 4 6 7 6 1 16 7 0 
13 2 3 14 6 10 14 0 1 17 
0 16 0 8 10 0 4 15 2 9 
1 1 15 16 7 9 9 6 0 11 
9 5 0 2 15 10 12 15 17 19 
17 4 7 0 2 5 7 0 5 0 

2 1 2 
2 0 2 
2 2 3 
2 4 7 
2 4 9 
2 2 8 
2 3 4 
2 2 6 
2 1 9 
2 6 8 
2 0 6 
2 1 2 
2 3 8 
2 0 3 
2 0 2 
2 1 5 
2 3 4 
2 3 9 
2 3 5 
2 0 8 
2 1 7 
2 1 2 

2 6 7 
2 1 3 
2 2 3 
2 3 6 
2 5 7 
2 3 4 
2 0 3 
2 4 6 
2 1 5 
2 4 6 
2 8 9 
2 2 5 
2 6 8 
2 0 8 
2 0 7 
2 0 6 
2 3 9 
2 0 2 
2 1 4 
2 0 6 
2 3 6 
2 0 6 
