20 51 51 true

7 19 19 13 6 3 6 6 16 2 14 2 13 7 11 9 8 11 2 2 
0 3 15 1 2 17 10 15 18 12 12 12 8 13 12 12 0 11 15 9 
6 16 11 14 12 9 7 9 7 9 6 19 16 1 9 16 18 1 8 17 
19 17 19 9 18 16 13 8 0 11 0 4 14 7 17 6 17 1 8 15 
11 17 16 8 2 3 3 10 15 10 15 1 16 15 1 8 15 2 18 7 
19 12 19 0 17 0 11 12 17 11 14 0 12 12 10 17 8 6 6 5 
19 12 4 10 15 16 13 16 15 10 6 17 5 5 0 16 10 9 14 0 
12 4 11 18 6 7 13 2 4 8 8 13 6 1 16 6 3 9 5 3 
16 7 6 7 14 4 3 9 8 4 10 19 2 10 19 7 6 1 7 13 
0 16 18 15 13 11 9 6 19 3 17 4 11 2 11 15 3 3 4 3 
9 13 11 15 5 1 9 14 0 9 2 3 0 11 14 2 11 2 11 14 
14 11 17 1 12 18 8 16 3 8 13 8 6 8 9 4 15 5 16 1 
17 3 12 1 19 15 14 3 2 12 7 18 2 13 2 9 8 11 19 6 
12 7 8 15 10 16 19 18 7 13 17 10 8 15 8 5 1 14 8 6 
17 14 9 11 9 8 0 14 8 18 3 8 19 19 8 18 13 10 16 7 
8 0 19 7 18 4 2 9 0 2 2 6 14 6 12 15 17 0 1 1 
17 12 13 17 2 6 4 15 3 9 10 6 7 16 12 10 15 1 19 17 
19 6 3 8 16 2 15 10 2 19 12 8 14 4 12 10 10 12 18 1 
11 1 9 12 14 10 6 12 12 15 9 17 13 16 13 14 11 11 7 15 
5 2 10 5 0 16 15 5 11 8 16 11 6 4 5 0 12 10 9 17 

2 2 10 
2 0 19 
2 11 14 
2 19 12 
2 17 10 
2 10 12 
2 3 10 
2 0 16 
2 1 14 
2 3 11 
2 1 4 
2 0 15 
2 19 11 
2 7 13 
2 3 6 
2 18 11 
2 2 8 
2 19 5 
2 5 7 
2 19 5 
2 11 12 
2 17 11 
2 9 11 
2 4 8 
2 18 12 
2 6 9 
2 19 5 
2 2 8 
2 17 9 
2 19 14 
2 17 7 
2 1 2 
2 3 8 
2 1 4 
2 17 13 
2 1 2 
2 4 11 
2 4 9 
2 7 14 
2 2 6 
2 6 15 
2 6 15 
2 0 3 
2 10 14 
2 4 14 
2 8 9 
2 5 7 
2 7 13 
2 17 8 
2 17 18 
2 2 18 

2 18 14 
2 17 18 
2 2 12 
2 4 5 
2 4 13 
2 10 13 
2 19 15 
2 17 7 
2 3 19 
2 16 8 
2 0 1 
2 3 5 
2 1 10 
2 0 6 
2 18 13 
2 18 10 
2 16 12 
2 16 19 
2 10 15 
2 2 6 
2 7 15 
2 1 2 
2 16 11 
2 0 18 
2 16 8 
2 9 14 
2 18 11 
2 17 18 
2 2 11 
2 3 14 
2 10 13 
2 1 13 
2 1 2 
2 4 5 
2 7 10 
2 19 12 
2 11 12 
2 10 12 
2 18 13 
2 5 10 
2 16 1 
2 4 5 
2 0 10 
2 2 8 
2 6 7 
2 11 15 
2 6 9 
2 7 13 
2 0 15 
2 17 3 
2 16 5 
