20 157 157 true

18 11 0 9 3 1 0 3 5 8 13 4 10 7 4 3 13 18 0 17 
6 0 13 2 0 12 16 18 18 7 14 14 1 10 1 0 0 6 13 9 
10 9 13 6 19 7 2 19 18 1 12 1 2 11 13 4 13 15 12 4 
5 15 19 15 15 19 7 15 18 5 5 4 11 8 5 12 7 2 10 3 
19 9 15 9 3 0 1 9 8 6 3 1 13 13 11 17 13 13 4 1 
6 15 14 1 18 4 7 9 0 1 2 18 3 13 9 11 12 0 10 10 
8 19 5 2 18 5 12 9 2 7 14 8 9 16 19 0 3 3 0 13 
19 6 7 15 4 9 1 14 2 0 5 5 11 3 17 17 7 16 7 16 
10 17 9 0 18 4 7 2 7 9 19 10 8 8 4 10 14 3 2 8 
3 5 15 13 2 0 16 15 16 4 15 2 7 11 1 0 5 15 3 0 
4 15 6 12 10 16 17 19 19 4 4 16 14 2 8 10 2 16 15 14 
11 9 11 11 4 17 7 8 17 7 14 5 19 7 12 12 7 10 2 1 
3 12 5 13 11 11 14 16 4 7 3 5 3 1 0 12 15 12 1 8 
2 3 9 11 5 11 10 5 14 15 14 19 1 5 6 8 8 7 16 0 
16 17 7 7 7 5 2 5 9 5 1 12 0 13 5 17 15 1 14 19 
4 10 0 16 5 5 19 7 19 17 17 12 5 8 14 10 14 17 14 4 
13 0 16 8 0 16 2 2 14 0 13 16 12 18 6 6 17 10 15 6 
6 11 13 13 7 3 4 14 7 0 4 8 10 16 6 15 8 14 7 2 
19 18 5 12 16 0 19 13 11 19 4 14 14 7 10 8 4 12 1 4 
15 15 13 14 19 7 3 13 15 14 11 6 19 16 11 5 12 14 5 7 

2 16 8 
2 18 4 
2 1 2 
2 19 13 
2 17 6 
2 4 14 
2 17 12 
2 16 5 
2 1 4 
2 11 15 
2 18 12 
2 0 3 
2 11 15 
2 11 14 
2 8 9 
2 16 10 
2 8 9 
2 16 11 
2 16 14 
2 2 18 
2 2 18 
2 17 11 
2 5 9 
2 19 11 
2 18 13 
2 16 14 
2 16 7 
2 16 19 
2 8 10 
2 0 5 
2 2 6 
2 2 11 
2 17 7 
2 10 13 
2 1 5 
2 6 7 
2 9 12 
2 5 9 
2 0 13 
2 16 15 
2 2 7 
2 0 15 
2 3 12 
2 19 12 
2 11 13 
2 0 6 
2 7 11 
2 6 12 
2 0 1 
2 3 7 
2 4 12 
2 2 13 
2 2 12 
2 18 5 
2 17 15 
2 1 8 
2 0 10 
2 0 9 
2 16 10 
2 3 10 
2 18 3 
2 19 5 
2 6 7 
2 12 14 
2 0 10 
2 10 11 
2 18 5 
2 10 11 
2 3 10 
2 16 13 
2 7 14 
2 17 18 
2 2 10 
2 4 11 
2 0 6 
2 1 7 
2 9 13 
2 18 4 
2 19 10 
2 4 14 
2 18 15 
2 19 8 
2 2 11 
2 0 19 
2 3 5 
2 18 6 
2 10 11 
2 4 13 
2 18 14 
2 18 6 
2 18 13 
2 18 8 
2 14 15 
2 12 15 
2 19 8 
2 19 5 
2 18 10 
2 6 7 
2 9 14 
2 16 8 
2 12 13 
2 19 5 
2 16 17 
2 9 14 
2 16 10 
2 1 8 
2 0 8 
2 16 5 
2 13 15 
2 12 15 
2 3 14 
2 3 4 
2 16 11 
2 18 15 
2 2 12 
2 11 13 
2 19 7 
2 18 6 
2 8 15 
2 4 5 
2 17 11 
2 16 7 
2 1 18 
2 16 4 
2 6 11 
2 9 13 
2 8 9 
2 18 8 
2 8 12 
2 1 11 
2 19 13 
2 18 9 
2 9 12 
2 0 14 
2 17 9 
2 16 6 
2 5 15 
2 19 8 
2 3 13 
2 16 10 
2 17 15 
2 3 7 
2 16 10 
2 3 11 
2 2 9 
2 2 18 
2 10 14 
2 3 12 
2 3 15 
2 5 7 
2 17 12 
2 3 12 
2 10 12 
2 1 9 
2 18 14 
2 16 2 
2 18 14 

2 8 12 
2 3 15 
2 1 7 
2 8 12 
2 0 13 
2 0 13 
2 2 9 
2 0 9 
2 8 9 
2 16 10 
2 14 15 
2 18 3 
2 8 15 
2 9 12 
2 17 2 
2 16 2 
2 5 14 
2 1 2 
2 2 13 
2 7 13 
2 8 15 
2 17 15 
2 4 13 
2 12 15 
2 12 13 
2 6 9 
2 10 12 
2 1 3 
2 16 14 
2 19 12 
2 2 19 
2 17 8 
2 11 13 
2 13 14 
2 11 12 
2 2 8 
2 6 13 
2 1 2 
2 4 12 
2 14 15 
2 2 10 
2 2 19 
2 11 12 
2 5 11 
2 0 16 
2 0 2 
2 7 15 
2 17 15 
2 2 4 
2 10 13 
2 7 10 
2 19 7 
2 8 11 
2 0 18 
2 0 1 
2 0 17 
2 17 8 
2 0 3 
2 18 2 
2 1 11 
2 13 14 
2 4 9 
2 17 19 
2 17 12 
2 1 9 
2 9 11 
2 2 13 
2 1 17 
2 2 3 
2 3 10 
2 4 10 
2 17 3 
2 1 14 
2 6 12 
2 7 13 
2 7 14 
2 0 18 
2 0 17 
2 19 8 
2 1 6 
2 17 11 
2 4 10 
2 3 8 
2 11 13 
2 2 10 
2 6 13 
2 19 9 
2 8 9 
2 1 13 
2 2 11 
2 16 5 
2 2 3 
2 19 10 
2 3 8 
2 4 10 
2 13 15 
2 18 14 
2 3 7 
2 17 6 
2 4 13 
2 8 10 
2 0 9 
2 16 2 
2 0 11 
2 18 15 
2 1 15 
2 0 19 
2 16 7 
2 3 11 
2 0 8 
2 1 4 
2 16 7 
2 3 6 
2 7 10 
2 0 11 
2 17 15 
2 18 11 
2 0 4 
2 1 18 
2 16 6 
2 8 9 
2 6 11 
2 0 4 
2 9 13 
2 10 15 
2 13 14 
2 1 13 
2 17 11 
2 14 15 
2 0 9 
2 17 3 
2 1 10 
2 18 9 
2 19 14 
2 4 8 
2 6 14 
2 5 9 
2 1 9 
2 6 8 
2 2 14 
2 19 5 
2 12 14 
2 6 11 
2 17 19 
2 19 6 
2 1 13 
2 6 7 
2 5 14 
2 1 6 
2 1 10 
2 7 12 
2 4 15 
2 0 6 
2 4 7 
2 10 14 
2 1 6 
2 18 12 
