20 157 157 true

19 2 1 4 12 17 14 5 16 7 7 3 12 5 8 0 4 5 6 18 
1 17 13 19 8 5 6 4 18 8 14 8 0 19 18 2 7 14 3 13 
11 8 14 8 18 2 7 6 5 0 14 14 19 6 16 4 11 18 3 11 
19 13 6 7 17 19 15 9 14 11 6 18 10 0 14 2 12 3 2 2 
16 2 9 5 9 18 18 3 10 6 13 9 9 13 19 9 10 13 17 14 
16 12 19 18 3 7 6 19 14 14 13 9 7 15 7 18 15 12 2 14 
7 1 10 11 3 0 6 17 7 15 13 17 16 3 9 1 15 1 8 17 
7 13 8 2 3 11 1 17 0 17 4 15 4 17 10 5 16 6 12 11 
1 11 1 10 18 5 1 18 14 1 16 15 19 14 17 14 4 11 14 4 
15 13 1 5 13 6 13 10 19 10 10 15 9 2 1 15 9 3 5 18 
13 8 1 0 7 0 8 14 15 7 12 7 15 8 13 9 8 5 9 5 
9 8 17 19 2 5 0 15 4 11 14 16 9 0 4 18 2 18 3 13 
19 10 16 9 3 15 17 2 4 17 10 3 12 16 17 17 12 11 1 19 
10 8 0 13 16 6 10 7 17 7 17 6 5 11 0 3 15 4 4 16 
16 11 0 14 9 0 17 3 0 10 5 2 7 13 8 9 2 5 15 19 
17 11 16 13 16 12 16 13 3 18 9 17 1 15 19 1 7 16 5 15 
12 2 7 9 19 7 12 10 4 4 9 17 0 6 10 6 3 1 13 18 
4 15 16 10 14 9 15 0 12 2 0 16 2 1 8 16 0 1 1 13 
8 17 3 15 19 16 3 12 11 15 10 15 11 0 2 17 19 3 17 14 
18 6 1 1 19 6 1 12 2 11 17 13 14 11 11 15 15 2 11 19 

2 6 8 
2 4 8 
2 17 5 
2 17 4 
2 5 14 
2 18 13 
2 1 7 
2 3 12 
2 2 8 
2 17 15 
2 3 11 
2 17 13 
2 3 11 
2 3 9 
2 0 16 
2 8 15 
2 0 19 
2 13 15 
2 1 19 
2 2 4 
2 5 8 
2 17 13 
2 17 5 
2 1 17 
2 11 14 
2 0 18 
2 17 10 
2 2 6 
2 18 5 
2 12 15 
2 4 6 
2 11 12 
2 16 9 
2 19 5 
2 13 15 
2 18 14 
2 8 14 
2 5 8 
2 14 15 
2 19 9 
2 3 6 
2 16 18 
2 1 5 
2 0 12 
2 18 6 
2 0 15 
2 3 9 
2 6 11 
2 3 13 
2 9 13 
2 13 14 
2 10 11 
2 1 8 
2 0 11 
2 17 8 
2 16 2 
2 0 17 
2 7 11 
2 17 12 
2 3 6 
2 3 19 
2 0 13 
2 17 14 
2 16 14 
2 17 8 
2 17 8 
2 19 3 
2 0 14 
2 19 11 
2 18 9 
2 1 19 
2 5 13 
2 7 12 
2 6 11 
2 6 13 
2 17 4 
2 0 17 
2 3 5 
2 4 13 
2 18 8 
2 4 9 
2 3 10 
2 0 8 
2 5 12 
2 3 6 
2 2 14 
2 10 15 
2 18 8 
2 17 6 
2 16 7 
2 9 14 
2 6 8 
2 2 8 
2 10 11 
2 7 13 
2 7 13 
2 12 15 
2 1 17 
2 5 15 
2 13 14 
2 3 6 
2 9 11 
2 0 4 
2 2 13 
2 3 9 
2 11 13 
2 4 14 
2 4 11 
2 11 14 
2 6 7 
2 16 0 
2 5 14 
2 2 8 
2 0 6 
2 5 7 
2 2 3 
2 2 8 
2 3 11 
2 16 11 
2 17 1 
2 1 2 
2 9 10 
2 6 15 
2 2 14 
2 18 19 
2 6 10 
2 6 8 
2 17 15 
2 5 7 
2 2 13 
2 13 15 
2 3 13 
2 1 14 
2 4 6 
2 6 12 
2 19 10 
2 13 14 
2 3 19 
2 3 6 
2 3 5 
2 0 12 
2 16 7 
2 5 9 
2 3 13 
2 10 15 
2 9 14 
2 3 6 
2 2 8 
2 1 4 
2 6 8 
2 5 12 
2 1 8 
2 0 6 
2 10 13 
2 1 13 
2 0 3 
2 18 4 

2 6 11 
2 9 14 
2 17 10 
2 12 15 
2 8 13 
2 12 15 
2 10 11 
2 2 9 
2 0 12 
2 16 5 
2 1 11 
2 3 8 
2 6 14 
2 3 8 
2 12 13 
2 2 4 
2 18 19 
2 7 10 
2 7 8 
2 10 15 
2 3 9 
2 16 17 
2 17 2 
2 17 9 
2 18 14 
2 7 10 
2 4 7 
2 3 14 
2 16 17 
2 11 13 
2 7 11 
2 3 8 
2 16 8 
2 10 11 
2 16 6 
2 0 3 
2 0 3 
2 16 17 
2 4 10 
2 3 11 
2 4 12 
2 12 15 
2 17 11 
2 10 13 
2 19 13 
2 2 18 
2 10 11 
2 16 11 
2 5 15 
2 19 15 
2 3 13 
2 8 11 
2 18 12 
2 17 12 
2 5 12 
2 3 10 
2 8 13 
2 19 8 
2 3 4 
2 4 8 
2 3 15 
2 4 8 
2 3 13 
2 16 18 
2 9 13 
2 6 9 
2 16 1 
2 0 16 
2 5 13 
2 18 6 
2 16 9 
2 9 13 
2 0 17 
2 3 10 
2 4 10 
2 5 11 
2 0 5 
2 5 8 
2 5 12 
2 19 10 
2 1 15 
2 4 9 
2 0 18 
2 16 12 
2 18 13 
2 8 14 
2 0 19 
2 19 14 
2 4 10 
2 0 18 
2 19 12 
2 5 12 
2 16 7 
2 16 6 
2 1 4 
2 12 13 
2 9 12 
2 2 4 
2 1 13 
2 16 19 
2 19 5 
2 17 15 
2 2 14 
2 0 15 
2 1 8 
2 16 11 
2 17 14 
2 17 11 
2 2 13 
2 0 15 
2 5 11 
2 6 10 
2 0 8 
2 3 15 
2 8 9 
2 4 11 
2 16 15 
2 4 10 
2 6 10 
2 17 8 
2 5 12 
2 4 7 
2 6 14 
2 1 12 
2 7 8 
2 0 4 
2 2 7 
2 16 18 
2 16 14 
2 5 7 
2 1 18 
2 9 14 
2 19 9 
2 2 5 
2 5 10 
2 6 8 
2 2 3 
2 18 12 
2 7 13 
2 17 13 
2 16 14 
2 0 3 
2 8 14 
2 0 13 
2 2 15 
2 2 14 
2 3 7 
2 2 19 
2 8 9 
2 8 14 
2 8 13 
2 1 10 
2 1 11 
2 2 11 
2 16 4 
2 6 14 
2 10 11 
