9 20 20 true

6 12 18 13 4 9 13 16 9 
10 2 19 11 12 5 13 7 11 
8 2 4 1 7 12 2 14 3 
11 5 15 17 10 14 9 12 9 
9 18 5 17 1 0 8 10 19 
8 9 15 11 14 16 10 11 13 
9 15 7 2 17 7 11 15 14 
19 10 3 7 10 12 12 11 10 
7 2 11 4 2 11 0 6 3 

2 5 7 
2 2 6 
2 3 7 
2 0 1 
2 0 6 
2 7 8 
2 0 5 
2 1 6 
2 4 8 
2 2 7 
2 4 5 
2 0 4 
2 3 5 
2 4 5 
2 0 8 
2 1 2 
2 4 5 
2 2 5 
2 3 4 
2 2 5 

2 4 5 
2 2 5 
2 2 7 
2 1 8 
2 6 7 
2 0 3 
2 5 7 
2 4 6 
2 5 7 
2 2 4 
2 6 7 
2 1 4 
2 4 8 
2 3 8 
2 2 5 
2 5 8 
2 0 7 
2 2 4 
2 4 5 
2 7 8 
