20 47 47 true

14 9 19 6 18 3 13 16 7 18 16 1 13 15 11 1 8 0 17 5 
2 9 8 15 19 9 14 19 17 2 17 7 18 10 4 0 5 14 13 10 
15 10 12 19 3 4 15 18 19 12 5 9 18 18 15 18 7 2 12 6 
19 5 14 18 11 17 3 16 8 3 9 14 18 7 16 10 19 7 6 3 
0 18 2 4 2 5 6 2 17 5 3 16 0 17 1 11 5 5 4 19 
3 8 19 3 4 18 12 19 13 18 12 5 4 4 7 14 4 1 16 5 
14 3 1 15 0 17 4 17 5 1 7 19 4 12 13 16 15 17 8 8 
13 7 19 0 9 12 0 8 8 3 19 12 4 15 6 11 19 5 2 7 
16 2 3 8 14 9 11 11 17 12 4 15 3 14 8 8 11 15 13 3 
15 10 3 7 4 19 0 11 1 2 5 5 13 0 10 8 11 2 19 2 
14 16 4 11 8 3 6 7 0 2 0 3 6 18 3 2 6 18 3 17 
18 3 6 5 3 2 13 9 15 13 18 18 8 12 14 16 5 9 5 4 
15 0 7 13 8 16 2 8 0 7 10 14 19 11 15 1 19 4 16 15 
1 9 4 13 7 3 15 15 1 19 17 17 7 6 17 0 5 15 16 9 
9 1 10 2 3 19 15 17 7 18 11 14 15 16 14 19 16 7 5 10 
19 11 7 18 8 1 2 6 6 12 14 19 7 18 13 1 13 16 15 12 
12 18 8 19 15 0 14 19 13 11 13 7 6 18 0 9 2 5 7 7 
8 15 3 0 17 17 16 4 4 3 8 7 19 17 2 9 10 6 11 1 
1 0 15 16 13 9 1 16 4 8 0 5 1 7 14 13 1 2 18 15 
16 17 11 11 15 11 13 5 18 11 2 19 2 12 15 13 19 13 15 16 

2 18 5 
2 9 11 
2 0 16 
2 17 10 
2 19 9 
2 7 11 
2 0 13 
2 0 12 
2 5 13 
2 5 15 
2 5 8 
2 4 8 
2 17 5 
2 7 14 
2 17 3 
2 8 15 
2 4 9 
2 4 9 
2 12 15 
2 4 14 
2 1 12 
2 8 10 
2 5 13 
2 16 5 
2 2 14 
2 0 12 
2 6 7 
2 6 15 
2 3 13 
2 18 3 
2 6 11 
2 6 14 
2 3 8 
2 2 3 
2 0 16 
2 0 4 
2 12 13 
2 16 7 
2 16 9 
2 1 2 
2 4 8 
2 5 6 
2 4 10 
2 16 7 
2 0 4 
2 5 12 
2 0 4 

2 7 12 
2 16 10 
2 19 14 
2 4 8 
2 2 15 
2 1 5 
2 0 7 
2 0 5 
2 2 13 
2 0 8 
2 0 17 
2 16 1 
2 2 14 
2 17 19 
2 1 8 
2 2 14 
2 2 19 
2 16 2 
2 17 7 
2 14 15 
2 2 10 
2 0 11 
2 16 4 
2 6 11 
2 16 18 
2 4 5 
2 17 8 
2 19 14 
2 0 18 
2 19 12 
2 4 11 
2 3 11 
2 7 15 
2 16 4 
2 3 11 
2 14 15 
2 5 7 
2 18 9 
2 19 9 
2 2 10 
2 1 15 
2 9 11 
2 2 3 
2 8 9 
2 4 11 
2 1 15 
2 18 7 
