10 38 38 true

14 10 2 16 6 14 11 17 18 6 
12 9 5 19 10 15 9 9 2 5 
18 18 17 7 17 16 12 18 6 10 
18 12 9 13 0 6 18 12 4 7 
16 1 4 11 14 5 17 9 4 9 
2 5 14 1 5 5 15 6 19 6 
4 9 5 18 1 4 5 2 18 3 
9 0 8 9 1 11 17 1 2 12 
13 4 15 16 11 4 16 17 18 15 
3 0 0 8 14 11 8 10 15 17 

2 2 6 
2 3 5 
2 5 6 
2 1 8 
2 6 8 
2 5 8 
2 7 9 
2 8 9 
2 1 4 
2 1 7 
2 3 6 
2 4 7 
2 1 6 
2 5 7 
2 4 6 
2 2 3 
2 7 9 
2 2 3 
2 2 8 
2 0 9 
2 4 8 
2 3 5 
2 7 9 
2 6 7 
2 4 9 
2 1 9 
2 1 2 
2 0 8 
2 1 3 
2 2 5 
2 3 9 
2 6 9 
2 0 1 
2 5 8 
2 2 6 
2 1 9 
2 3 9 
2 4 7 

2 2 9 
2 7 8 
2 2 3 
2 0 2 
2 5 7 
2 0 6 
2 4 9 
2 1 7 
2 0 3 
2 6 7 
2 5 6 
2 2 5 
2 0 5 
2 0 8 
2 2 7 
2 1 2 
2 5 9 
2 2 5 
2 7 9 
2 0 3 
2 3 5 
2 2 6 
2 6 9 
2 7 9 
2 5 7 
2 0 8 
2 5 6 
2 2 9 
2 0 1 
2 5 9 
2 6 7 
2 6 7 
2 5 7 
2 0 1 
2 1 8 
2 2 8 
2 1 5 
2 1 5 
