10 37 37 true

2 2 11 7 1 9 4 0 9 6 
18 0 7 13 18 9 15 0 16 3 
17 2 9 12 1 9 3 13 13 2 
15 1 17 3 9 12 5 13 0 14 
9 16 10 3 1 2 10 7 16 12 
17 7 19 17 12 14 1 17 6 14 
9 4 15 4 5 8 7 3 7 13 
0 3 17 2 3 2 8 19 1 14 
17 12 6 13 7 6 3 8 16 8 
16 15 6 12 16 12 11 14 9 13 

2 5 8 
2 6 7 
2 4 9 
2 0 3 
2 5 7 
2 1 6 
2 2 9 
2 5 7 
2 4 8 
2 5 6 
2 5 7 
2 4 9 
2 7 8 
2 0 7 
2 2 4 
2 1 4 
2 7 8 
2 1 7 
2 0 3 
2 5 6 
2 2 4 
2 6 9 
2 2 5 
2 0 1 
2 1 6 
2 1 7 
2 0 2 
2 1 4 
2 2 6 
2 2 6 
2 5 7 
2 1 9 
2 3 6 
2 3 7 
2 7 8 
2 0 5 
2 0 1 

2 3 6 
2 1 4 
2 5 7 
2 0 2 
2 4 9 
2 7 8 
2 2 4 
2 4 6 
2 3 9 
2 6 9 
2 0 9 
2 0 6 
2 0 8 
2 0 3 
2 2 9 
2 0 4 
2 3 8 
2 2 3 
2 4 7 
2 5 9 
2 3 9 
2 5 7 
2 3 5 
2 2 5 
2 2 9 
2 3 4 
2 0 6 
2 0 2 
2 4 5 
2 0 1 
2 2 9 
2 8 9 
2 3 5 
2 3 8 
2 2 5 
2 3 6 
2 2 5 
