9 32 32 true

12 9 4 16 11 14 16 19 6 
12 0 9 16 1 17 19 3 0 
11 15 8 15 16 3 5 11 6 
3 19 13 13 2 13 16 7 6 
19 1 3 9 4 8 2 9 7 
1 9 4 8 11 9 7 4 16 
1 2 10 15 4 11 2 17 12 
14 2 9 16 2 5 12 2 5 
14 14 1 11 4 19 6 8 0 

2 2 7 
2 1 4 
2 1 5 
2 2 7 
2 1 4 
2 6 8 
2 2 4 
2 6 7 
2 1 3 
2 3 6 
2 0 8 
2 5 7 
2 4 7 
2 0 8 
2 5 7 
2 1 6 
2 2 8 
2 5 7 
2 0 5 
2 5 8 
2 5 7 
2 3 6 
2 0 7 
2 1 4 
2 2 8 
2 3 6 
2 4 6 
2 0 1 
2 2 3 
2 1 3 
2 2 7 
2 2 6 

2 1 7 
2 0 2 
2 6 7 
2 3 5 
2 7 8 
2 5 8 
2 0 6 
2 0 4 
2 4 5 
2 1 5 
2 0 5 
2 1 8 
2 3 5 
2 3 8 
2 2 4 
2 1 7 
2 7 8 
2 3 5 
2 1 2 
2 6 7 
2 3 5 
2 0 1 
2 2 5 
2 0 4 
2 0 7 
2 2 4 
2 1 3 
2 1 3 
2 2 4 
2 4 8 
2 1 8 
2 2 8 
