10 25 25 true

3 12 4 2 9 1 3 6 8 14 
11 0 3 10 0 18 16 6 17 11 
6 12 7 16 8 5 16 6 10 6 
19 6 9 1 8 12 13 3 18 8 
13 9 1 16 8 14 3 8 7 6 
10 16 16 16 1 2 8 12 7 18 
12 3 16 14 13 5 11 10 4 17 
19 7 7 14 12 18 3 14 2 11 
7 5 14 6 16 16 0 15 13 8 
15 3 12 12 14 5 13 12 9 18 

2 1 3 
2 2 4 
2 7 8 
2 8 9 
2 5 9 
2 0 1 
2 2 6 
2 5 9 
2 5 8 
2 3 5 
2 3 8 
2 3 7 
2 5 8 
2 1 5 
2 6 8 
2 5 7 
2 5 7 
2 2 5 
2 3 5 
2 0 2 
2 0 1 
2 0 4 
2 0 4 
2 0 2 
2 0 8 

2 4 8 
2 3 7 
2 3 7 
2 1 7 
2 5 8 
2 3 8 
2 1 2 
2 0 5 
2 5 7 
2 6 9 
2 4 9 
2 2 8 
2 6 9 
2 4 5 
2 4 9 
2 0 7 
2 2 4 
2 1 7 
2 1 8 
2 2 8 
2 0 8 
2 1 6 
2 1 6 
2 0 2 
2 8 9 
