9 30 30 true

13 6 0 4 5 0 16 6 19 
10 19 13 6 15 13 14 9 18 
3 6 8 16 15 0 1 3 16 
13 5 7 1 3 15 7 2 10 
7 12 15 13 14 17 13 7 4 
5 5 7 19 18 15 17 13 16 
0 4 19 19 7 14 15 19 7 
12 14 3 16 14 2 16 14 6 
10 12 2 4 3 6 7 19 9 

2 1 3 
2 7 8 
2 5 8 
2 0 3 
2 0 3 
2 5 6 
2 3 7 
2 4 5 
2 6 8 
2 2 7 
2 3 7 
2 0 8 
2 4 7 
2 2 3 
2 1 6 
2 5 8 
2 1 8 
2 6 8 
2 5 6 
2 0 1 
2 0 3 
2 6 8 
2 3 4 
2 2 8 
2 1 5 
2 0 6 
2 4 8 
2 2 6 
2 2 4 
2 4 8 

2 4 5 
2 3 5 
2 5 8 
2 0 8 
2 3 7 
2 3 8 
2 3 4 
2 3 4 
2 2 7 
2 3 4 
2 3 5 
2 7 8 
2 0 4 
2 5 7 
2 0 7 
2 0 1 
2 2 5 
2 0 3 
2 2 7 
2 0 2 
2 5 8 
2 1 2 
2 0 1 
2 3 4 
2 4 7 
2 1 4 
2 0 5 
2 2 3 
2 4 5 
2 1 8 
