9 21 21 true

13 4 8 12 2 7 6 12 13 
0 11 6 3 2 1 6 15 15 
4 16 0 9 1 12 4 10 15 
19 19 10 1 15 4 11 16 4 
14 1 19 12 11 14 15 0 16 
9 2 6 8 14 0 17 14 18 
16 7 11 0 5 9 8 16 0 
6 7 8 1 14 15 1 15 7 
7 3 13 3 12 6 9 17 4 

2 1 2 
2 2 6 
2 1 4 
2 2 8 
2 5 8 
2 1 2 
2 1 6 
2 4 5 
2 3 5 
2 3 6 
2 0 4 
2 6 8 
2 0 5 
2 0 4 
2 0 6 
2 0 5 
2 1 4 
2 1 7 
2 2 5 
2 5 8 
2 3 7 

2 4 8 
2 4 5 
2 2 4 
2 1 4 
2 0 2 
2 2 4 
2 1 7 
2 2 4 
2 5 7 
2 5 6 
2 6 8 
2 2 4 
2 0 3 
2 0 3 
2 4 7 
2 2 8 
2 6 7 
2 1 8 
2 2 4 
2 0 4 
2 2 7 
