9 29 29 true

8 7 5 1 7 12 4 0 12 
11 3 19 19 3 14 13 11 1 
12 14 7 12 13 16 2 14 3 
19 19 11 1 14 10 1 0 1 
1 14 12 18 7 17 13 9 15 
3 15 13 3 16 15 7 7 15 
3 13 15 9 18 8 18 17 1 
3 5 5 6 2 6 1 11 7 
17 14 18 5 9 4 12 4 17 

2 7 8 
2 5 7 
2 2 4 
2 1 5 
2 0 4 
2 6 8 
2 4 8 
2 0 8 
2 1 3 
2 5 7 
2 2 3 
2 7 8 
2 0 6 
2 2 3 
2 1 2 
2 3 7 
2 4 5 
2 7 8 
2 5 7 
2 0 8 
2 0 5 
2 1 7 
2 5 7 
2 4 5 
2 4 8 
2 2 7 
2 1 5 
2 2 6 
2 4 8 

2 3 4 
2 2 7 
2 1 5 
2 4 7 
2 1 8 
2 0 1 
2 2 8 
2 3 5 
2 3 8 
2 0 2 
2 3 4 
2 0 4 
2 1 5 
2 2 7 
2 5 6 
2 2 3 
2 4 7 
2 2 3 
2 3 4 
2 0 5 
2 0 1 
2 1 8 
2 0 1 
2 1 8 
2 2 8 
2 3 6 
2 0 6 
2 2 3 
2 0 3 
