10 22 22 true

15 2 8 14 16 0 18 5 10 0 
15 11 18 12 10 6 19 14 17 3 
2 0 16 14 2 13 13 9 10 15 
2 10 5 12 13 18 2 18 4 1 
2 6 18 3 3 6 10 5 3 4 
13 1 9 6 17 11 4 2 14 0 
10 15 4 13 4 12 0 3 1 14 
13 5 5 3 10 1 3 13 16 2 
8 18 10 11 14 1 9 17 10 19 
13 11 14 19 18 4 12 16 13 3 

2 5 7 
2 0 5 
2 6 9 
2 1 5 
2 1 6 
2 1 7 
2 0 4 
2 0 7 
2 5 8 
2 0 4 
2 2 6 
2 0 8 
2 2 7 
2 4 8 
2 2 5 
2 2 6 
2 3 7 
2 3 5 
2 0 8 
2 5 9 
2 5 9 
2 2 6 

2 6 8 
2 5 9 
2 6 9 
2 2 3 
2 3 9 
2 2 3 
2 5 8 
2 2 3 
2 3 6 
2 2 9 
2 0 2 
2 1 8 
2 6 8 
2 2 5 
2 1 8 
2 0 8 
2 2 8 
2 2 3 
2 2 9 
2 3 8 
2 4 8 
2 5 9 
