9 20 20 true

5 2 0 1 5 15 3 5 1 
12 2 19 3 16 4 2 19 16 
2 14 6 16 8 11 11 14 16 
14 11 13 0 15 6 9 6 1 
6 0 10 2 0 4 19 6 16 
15 7 4 1 3 13 11 9 3 
4 19 9 5 7 11 16 9 14 
5 6 14 4 8 16 16 10 1 
10 0 5 12 17 5 19 12 6 

2 4 8 
2 5 6 
2 1 2 
2 0 8 
2 3 5 
2 3 5 
2 1 6 
2 3 5 
2 1 6 
2 3 5 
2 2 6 
2 5 7 
2 0 4 
2 1 2 
2 3 5 
2 2 4 
2 0 4 
2 5 8 
2 0 1 
2 3 6 

2 5 6 
2 3 6 
2 5 7 
2 0 7 
2 2 5 
2 4 5 
2 7 8 
2 4 8 
2 0 2 
2 1 7 
2 2 5 
2 0 1 
2 2 6 
2 1 4 
2 3 7 
2 0 7 
2 0 3 
2 2 6 
2 2 4 
2 0 2 
