10 22 22 true

11 15 3 3 8 2 6 12 12 17 
1 6 4 1 15 18 0 7 6 9 
3 3 18 19 6 11 15 5 12 1 
7 7 4 4 5 19 13 19 8 19 
9 18 5 16 1 5 7 6 17 2 
17 8 12 6 1 3 14 17 19 12 
11 0 13 13 5 0 12 19 4 2 
8 10 11 12 14 12 15 4 8 8 
18 12 19 8 8 5 19 18 11 7 
1 19 5 0 19 12 5 15 11 5 

2 2 4 
2 2 8 
2 2 7 
2 0 4 
2 4 9 
2 1 4 
2 2 5 
2 2 5 
2 5 7 
2 1 9 
2 8 9 
2 1 4 
2 2 7 
2 1 2 
2 0 1 
2 3 9 
2 6 9 
2 1 6 
2 0 9 
2 8 9 
2 3 9 
2 1 2 

2 0 4 
2 4 6 
2 4 5 
2 0 9 
2 6 8 
2 4 6 
2 0 8 
2 4 7 
2 3 6 
2 4 9 
2 2 6 
2 4 6 
2 3 9 
2 2 7 
2 0 9 
2 0 9 
2 7 9 
2 4 6 
2 1 5 
2 1 4 
2 5 6 
2 0 4 
