10 25 25 true

15 16 10 18 13 10 18 8 5 0 
15 1 13 16 12 9 18 14 7 13 
10 16 6 5 6 13 7 16 17 14 
17 4 16 6 6 7 11 16 13 1 
3 2 4 19 12 2 0 8 17 7 
1 6 4 15 19 7 19 12 14 2 
11 14 10 6 7 10 0 11 10 18 
17 11 8 19 14 5 6 0 19 4 
12 16 16 8 5 11 9 3 16 4 
4 6 16 6 11 13 8 8 6 4 

2 4 6 
2 0 1 
2 2 4 
2 4 6 
2 4 7 
2 1 3 
2 2 8 
2 0 3 
2 6 7 
2 2 9 
2 3 5 
2 4 5 
2 1 6 
2 5 7 
2 0 9 
2 5 7 
2 5 6 
2 0 5 
2 1 6 
2 2 6 
2 3 4 
2 6 7 
2 1 4 
2 2 3 
2 5 8 

2 0 1 
2 2 5 
2 5 6 
2 2 8 
2 4 9 
2 1 9 
2 6 7 
2 0 7 
2 1 2 
2 3 8 
2 1 7 
2 0 6 
2 4 9 
2 6 9 
2 7 8 
2 0 2 
2 0 8 
2 3 9 
2 3 8 
2 4 7 
2 1 4 
2 7 9 
2 0 3 
2 1 4 
2 0 3 
