10 36 36 true

10 12 6 15 1 16 4 2 14 0 
0 15 4 2 9 18 6 2 7 15 
6 18 10 1 18 5 7 8 0 17 
15 18 14 11 3 12 8 13 15 14 
13 14 14 5 10 6 4 15 19 15 
9 5 1 1 19 6 7 4 8 12 
6 7 13 11 14 18 16 7 13 12 
8 17 11 17 18 14 14 19 9 6 
5 14 15 1 0 3 15 3 13 16 
8 7 16 8 4 19 2 18 17 6 

2 2 5 
2 4 9 
2 3 9 
2 1 9 
2 0 9 
2 1 8 
2 5 6 
2 1 6 
2 3 7 
2 2 7 
2 0 1 
2 4 6 
2 5 9 
2 1 9 
2 2 6 
2 3 5 
2 2 6 
2 5 7 
2 6 7 
2 1 4 
2 5 8 
2 2 6 
2 1 3 
2 0 3 
2 0 5 
2 2 9 
2 4 7 
2 1 7 
2 3 8 
2 4 7 
2 2 8 
2 4 9 
2 0 8 
2 3 9 
2 2 6 
2 3 9 

2 4 6 
2 5 7 
2 7 9 
2 0 3 
2 2 8 
2 3 6 
2 5 7 
2 0 7 
2 6 9 
2 1 8 
2 0 9 
2 6 9 
2 2 5 
2 1 6 
2 1 9 
2 1 7 
2 2 9 
2 1 8 
2 4 6 
2 0 9 
2 2 9 
2 6 7 
2 0 3 
2 5 8 
2 1 9 
2 1 6 
2 5 9 
2 4 9 
2 3 8 
2 2 5 
2 2 6 
2 1 4 
2 0 1 
2 1 4 
2 1 2 
2 8 9 
