20 110 110 true

6 8 19 11 1 8 9 15 15 10 8 9 16 11 14 13 5 14 6 16 
16 11 9 11 4 18 0 8 1 10 16 4 7 11 11 16 12 12 9 17 
19 1 5 6 14 7 8 4 3 16 11 2 0 18 16 6 7 0 2 6 
15 11 5 11 18 0 1 15 12 9 6 0 2 18 8 14 0 8 15 2 
14 6 7 1 11 19 16 17 8 18 3 2 13 9 18 11 12 6 7 11 
3 2 6 17 16 17 15 17 16 2 6 17 10 16 10 2 3 18 12 13 
12 15 6 3 5 3 19 5 15 6 4 9 17 16 12 4 5 4 17 6 
0 9 18 10 13 6 2 0 2 7 1 1 12 18 7 12 8 1 14 1 
15 4 3 18 8 6 5 16 16 4 15 5 4 3 1 15 13 14 16 15 
4 12 19 18 6 1 5 10 15 0 15 8 2 10 4 19 3 0 16 7 
1 7 4 14 11 13 6 13 6 0 8 13 17 14 8 2 0 16 1 16 
7 16 6 7 4 16 19 5 14 13 18 12 12 11 10 16 15 15 5 15 
10 7 7 4 4 2 5 5 17 17 3 14 16 0 4 7 14 7 0 14 
12 18 6 17 1 0 9 14 2 9 17 9 14 18 10 9 3 4 1 1 
7 16 18 5 13 7 10 2 10 0 17 15 15 17 2 6 3 11 8 17 
5 10 8 3 0 15 4 13 5 15 9 15 9 9 12 4 13 2 19 17 
10 4 18 15 2 18 2 19 11 2 6 15 7 15 9 5 13 2 17 8 
17 2 4 0 0 13 19 13 17 11 1 16 4 17 8 0 3 15 0 1 
14 16 1 7 0 14 19 10 4 5 9 2 10 11 10 13 15 0 18 19 
4 10 15 14 13 16 13 2 1 7 5 4 12 16 16 14 19 0 15 8 

2 17 15 
2 16 18 
2 4 6 
2 13 14 
2 2 19 
2 1 7 
2 16 19 
2 17 3 
2 1 17 
2 6 13 
2 16 14 
2 16 10 
2 6 7 
2 6 15 
2 5 11 
2 19 5 
2 7 12 
2 16 5 
2 1 19 
2 19 8 
2 18 10 
2 17 5 
2 7 15 
2 11 14 
2 19 8 
2 0 18 
2 19 4 
2 3 14 
2 3 5 
2 16 11 
2 9 11 
2 6 13 
2 16 11 
2 2 5 
2 1 19 
2 1 11 
2 13 14 
2 16 15 
2 6 10 
2 18 11 
2 0 13 
2 19 12 
2 17 13 
2 18 15 
2 1 2 
2 16 1 
2 2 9 
2 1 7 
2 10 13 
2 5 6 
2 9 11 
2 11 15 
2 7 8 
2 10 11 
2 13 14 
2 18 7 
2 4 11 
2 17 10 
2 5 13 
2 19 14 
2 16 4 
2 18 9 
2 5 8 
2 5 13 
2 18 19 
2 12 15 
2 0 13 
2 11 12 
2 7 11 
2 5 9 
2 19 15 
2 0 9 
2 3 5 
2 1 7 
2 18 12 
2 19 15 
2 4 7 
2 8 12 
2 18 8 
2 1 18 
2 0 14 
2 2 10 
2 18 12 
2 17 3 
2 17 1 
2 16 14 
2 18 3 
2 1 5 
2 16 19 
2 3 15 
2 4 10 
2 19 13 
2 7 14 
2 2 11 
2 5 11 
2 16 17 
2 17 9 
2 17 8 
2 7 9 
2 4 11 
2 3 6 
2 4 10 
2 0 9 
2 7 15 
2 5 12 
2 18 6 
2 2 6 
2 0 14 
2 1 10 
2 19 8 

2 5 12 
2 0 8 
2 19 15 
2 3 7 
2 0 12 
2 0 14 
2 16 7 
2 7 10 
2 17 9 
2 16 3 
2 19 4 
2 7 15 
2 2 9 
2 0 3 
2 5 7 
2 8 11 
2 6 13 
2 8 12 
2 12 13 
2 5 10 
2 16 8 
2 17 2 
2 1 13 
2 3 10 
2 1 19 
2 12 15 
2 16 1 
2 5 11 
2 19 9 
2 16 4 
2 17 7 
2 1 4 
2 17 7 
2 2 5 
2 19 13 
2 4 13 
2 16 15 
2 2 15 
2 4 11 
2 2 7 
2 2 12 
2 0 5 
2 8 15 
2 2 5 
2 17 9 
2 1 2 
2 4 15 
2 4 10 
2 7 10 
2 4 6 
2 3 15 
2 1 8 
2 1 13 
2 0 18 
2 0 18 
2 0 1 
2 4 15 
2 6 11 
2 19 13 
2 0 8 
2 11 13 
2 9 13 
2 7 12 
2 3 9 
2 10 11 
2 17 6 
2 0 10 
2 2 12 
2 9 14 
2 4 13 
2 17 14 
2 1 5 
2 4 5 
2 12 15 
2 16 5 
2 11 13 
2 2 12 
2 2 4 
2 18 15 
2 5 9 
2 1 7 
2 3 6 
2 17 9 
2 16 8 
2 0 12 
2 19 9 
2 17 6 
2 4 12 
2 19 12 
2 18 3 
2 3 13 
2 19 12 
2 17 15 
2 16 8 
2 11 13 
2 17 3 
2 1 5 
2 0 7 
2 17 9 
2 5 8 
2 18 11 
2 16 8 
2 0 7 
2 5 7 
2 6 12 
2 10 12 
2 18 19 
2 18 12 
2 5 7 
2 2 14 
