10 22 22 true

2 18 4 14 12 12 17 7 10 13 
5 2 11 12 16 14 13 17 6 19 
17 3 3 4 12 17 14 4 10 0 
6 15 14 13 7 5 19 13 13 17 
7 2 14 10 3 13 11 15 6 16 
10 13 10 6 15 0 14 7 15 13 
7 0 5 14 10 2 18 15 11 10 
8 16 13 10 18 10 15 8 15 2 
4 16 6 9 17 6 6 12 8 1 
13 11 2 5 15 8 2 3 2 2 

2 1 2 
2 4 8 
2 3 4 
2 0 1 
2 2 9 
2 5 8 
2 6 9 
2 4 8 
2 3 7 
2 2 8 
2 0 1 
2 0 6 
2 5 6 
2 2 3 
2 5 7 
2 1 2 
2 6 9 
2 4 7 
2 2 9 
2 7 9 
2 1 5 
2 2 5 

2 5 7 
2 0 4 
2 1 4 
2 5 7 
2 5 7 
2 2 9 
2 0 4 
2 5 9 
2 7 9 
2 5 6 
2 3 6 
2 1 5 
2 5 6 
2 0 2 
2 2 6 
2 7 8 
2 0 9 
2 8 9 
2 2 7 
2 6 9 
2 1 4 
2 0 2 
