20 159 159 true

19 4 4 18 2 14 2 17 8 1 14 13 11 2 5 0 18 11 10 15 
8 16 18 10 6 6 9 14 6 10 6 15 11 12 0 18 16 7 15 3 
10 15 7 9 1 18 19 12 19 8 16 18 13 11 19 0 6 7 11 17 
14 0 9 8 15 5 7 13 13 1 8 19 0 18 4 8 6 5 12 0 
12 5 4 17 10 10 14 17 7 2 5 17 0 12 13 9 6 8 15 5 
7 15 16 13 1 16 13 16 12 17 0 17 10 10 4 6 7 15 14 6 
19 11 13 3 10 8 2 1 13 7 12 6 3 18 6 2 1 1 14 18 
14 0 2 3 5 13 3 15 2 14 2 13 0 7 16 2 16 14 12 3 
7 6 10 14 3 6 9 3 15 17 10 15 18 8 8 6 1 14 19 3 
6 7 14 12 16 14 16 18 4 4 7 9 5 11 13 15 15 14 4 14 
14 1 12 13 0 13 19 13 14 16 2 13 0 7 16 6 2 16 2 13 
18 4 12 5 11 14 8 17 15 16 7 1 9 13 11 15 18 11 16 2 
16 6 19 15 2 1 3 7 5 12 19 5 6 15 4 2 4 13 16 9 
12 5 8 2 19 18 0 14 4 3 13 2 18 9 13 19 15 8 15 10 
8 10 6 16 8 1 10 5 13 9 14 17 14 9 1 1 8 13 14 19 
4 16 17 18 8 19 1 5 3 3 5 16 16 0 2 12 9 17 13 12 
19 2 7 18 0 17 12 18 5 4 2 14 14 4 5 1 1 4 1 14 
0 5 11 15 8 18 19 14 1 6 12 16 0 5 0 2 2 12 0 6 
10 2 18 15 19 6 19 12 8 1 0 17 11 7 3 1 14 5 5 19 
9 10 15 6 12 11 8 11 12 8 18 17 8 18 2 13 1 10 0 13 

2 17 19 
2 6 12 
2 1 5 
2 3 5 
2 5 11 
2 17 4 
2 19 14 
2 19 10 
2 16 0 
2 4 6 
2 18 8 
2 16 4 
2 16 13 
2 16 3 
2 17 13 
2 5 6 
2 1 18 
2 17 6 
2 2 11 
2 16 10 
2 0 16 
2 19 12 
2 17 19 
2 2 15 
2 16 3 
2 17 9 
2 19 11 
2 0 14 
2 1 8 
2 2 4 
2 4 9 
2 16 14 
2 18 6 
2 17 2 
2 2 7 
2 18 7 
2 17 11 
2 1 3 
2 6 12 
2 16 1 
2 3 13 
2 0 13 
2 12 15 
2 3 5 
2 8 9 
2 0 18 
2 16 3 
2 1 7 
2 8 11 
2 5 9 
2 19 8 
2 3 5 
2 16 0 
2 2 11 
2 8 13 
2 3 4 
2 17 13 
2 2 8 
2 6 15 
2 5 15 
2 17 15 
2 8 14 
2 0 12 
2 18 15 
2 1 13 
2 10 13 
2 16 18 
2 2 6 
2 18 8 
2 8 10 
2 3 9 
2 1 8 
2 7 10 
2 17 10 
2 16 1 
2 10 13 
2 19 8 
2 16 7 
2 16 0 
2 17 8 
2 0 17 
2 18 6 
2 17 11 
2 16 1 
2 17 13 
2 3 6 
2 7 9 
2 4 14 
2 2 15 
2 6 10 
2 16 17 
2 17 6 
2 1 11 
2 4 11 
2 3 5 
2 18 7 
2 18 5 
2 16 2 
2 2 14 
2 7 9 
2 16 5 
2 19 6 
2 17 4 
2 19 3 
2 9 10 
2 19 8 
2 9 14 
2 4 7 
2 5 6 
2 17 3 
2 3 19 
2 3 12 
2 2 18 
2 17 14 
2 0 12 
2 18 7 
2 3 11 
2 9 10 
2 3 12 
2 0 5 
2 0 2 
2 18 8 
2 13 14 
2 9 12 
2 18 4 
2 0 7 
2 2 15 
2 17 6 
2 1 13 
2 2 9 
2 17 6 
2 0 16 
2 4 9 
2 3 9 
2 2 4 
2 19 5 
2 13 15 
2 3 9 
2 19 13 
2 17 11 
2 3 19 
2 0 10 
2 2 5 
2 5 15 
2 3 6 
2 4 5 
2 17 12 
2 7 10 
2 18 8 
2 19 10 
2 1 12 
2 18 2 
2 17 12 
2 6 11 
2 0 4 
2 17 5 
2 17 18 
2 6 15 
2 4 5 

2 8 11 
2 4 10 
2 19 12 
2 18 7 
2 3 9 
2 0 17 
2 9 13 
2 16 18 
2 1 6 
2 17 2 
2 11 15 
2 4 13 
2 5 6 
2 1 14 
2 18 8 
2 10 15 
2 1 12 
2 17 6 
2 0 9 
2 17 19 
2 0 9 
2 2 12 
2 3 9 
2 6 10 
2 2 12 
2 19 6 
2 5 15 
2 16 9 
2 1 9 
2 3 14 
2 3 11 
2 5 7 
2 16 8 
2 17 13 
2 19 8 
2 17 4 
2 3 8 
2 4 13 
2 1 19 
2 16 9 
2 3 19 
2 18 3 
2 9 15 
2 16 17 
2 18 4 
2 19 15 
2 19 10 
2 9 15 
2 2 4 
2 17 4 
2 2 19 
2 18 3 
2 0 10 
2 2 13 
2 9 15 
2 8 14 
2 10 12 
2 8 14 
2 8 9 
2 8 13 
2 2 5 
2 17 19 
2 16 5 
2 16 18 
2 7 9 
2 19 14 
2 4 5 
2 5 8 
2 11 12 
2 1 7 
2 9 14 
2 18 10 
2 17 7 
2 1 4 
2 18 7 
2 2 11 
2 0 12 
2 2 10 
2 16 13 
2 5 6 
2 4 13 
2 0 3 
2 17 3 
2 7 8 
2 17 14 
2 16 13 
2 1 14 
2 2 13 
2 5 12 
2 19 11 
2 2 5 
2 16 3 
2 1 3 
2 3 4 
2 19 7 
2 0 17 
2 1 13 
2 4 6 
2 16 5 
2 13 15 
2 1 2 
2 10 15 
2 8 13 
2 16 2 
2 0 14 
2 16 3 
2 2 19 
2 7 15 
2 1 12 
2 10 14 
2 1 7 
2 6 13 
2 18 11 
2 17 9 
2 4 14 
2 2 5 
2 6 13 
2 19 8 
2 2 10 
2 1 3 
2 3 10 
2 12 13 
2 17 3 
2 0 5 
2 4 6 
2 0 14 
2 3 8 
2 4 12 
2 4 10 
2 16 19 
2 2 19 
2 14 15 
2 19 7 
2 1 10 
2 16 18 
2 5 11 
2 17 2 
2 3 5 
2 1 3 
2 18 9 
2 2 8 
2 1 6 
2 16 18 
2 10 12 
2 18 7 
2 10 15 
2 18 11 
2 5 10 
2 9 13 
2 16 2 
2 16 1 
2 3 14 
2 1 13 
2 19 5 
2 6 8 
2 18 5 
2 17 5 
2 2 8 
2 11 15 
