9 20 20 true

13 2 19 1 14 13 2 19 8 
9 1 8 9 8 4 0 5 11 
14 17 12 8 7 1 5 16 19 
7 8 17 12 10 6 8 9 3 
2 11 11 10 15 19 13 14 14 
17 7 5 2 15 3 11 1 10 
2 13 9 11 14 6 10 14 6 
12 16 12 0 11 11 13 2 8 
1 17 9 15 16 7 3 7 2 

2 6 7 
2 3 7 
2 0 8 
2 3 4 
2 4 5 
2 5 6 
2 3 5 
2 0 1 
2 0 4 
2 2 6 
2 4 8 
2 3 6 
2 0 1 
2 0 6 
2 1 4 
2 2 6 
2 5 6 
2 0 4 
2 5 7 
2 1 4 

2 0 7 
2 2 8 
2 0 6 
2 3 4 
2 2 4 
2 2 6 
2 5 8 
2 4 7 
2 1 5 
2 0 7 
2 3 4 
2 3 4 
2 5 6 
2 2 4 
2 3 8 
2 0 3 
2 1 2 
2 3 6 
2 2 6 
2 0 8 
