10 26 26 true

8 19 4 13 10 3 11 9 4 2 
11 14 6 1 6 6 11 6 2 5 
7 13 13 14 15 2 0 14 8 7 
11 5 6 16 12 13 3 16 0 18 
5 10 5 18 7 12 18 6 9 10 
11 14 15 9 14 4 14 14 6 15 
15 9 2 8 2 5 17 2 15 19 
1 5 1 11 0 16 17 11 1 11 
4 6 13 4 14 8 11 10 15 2 
8 18 7 13 8 1 12 11 1 18 

2 1 6 
2 0 1 
2 2 3 
2 0 4 
2 0 1 
2 7 9 
2 3 6 
2 3 9 
2 2 3 
2 2 7 
2 2 3 
2 4 8 
2 1 5 
2 6 8 
2 0 2 
2 8 9 
2 3 5 
2 1 3 
2 5 7 
2 0 8 
2 6 9 
2 0 4 
2 5 8 
2 2 9 
2 5 6 
2 3 6 

2 0 9 
2 3 6 
2 4 6 
2 1 4 
2 7 8 
2 1 6 
2 1 3 
2 0 6 
2 1 6 
2 0 4 
2 3 6 
2 3 6 
2 3 9 
2 0 2 
2 1 7 
2 4 7 
2 6 9 
2 3 4 
2 6 9 
2 4 5 
2 1 6 
2 2 9 
2 7 8 
2 2 7 
2 6 7 
2 3 4 
