10 36 36 true

19 2 19 4 8 19 9 10 2 2 
1 14 18 14 6 4 14 12 0 18 
7 4 8 17 8 3 14 16 18 1 
5 7 13 12 17 11 7 4 8 14 
19 10 6 14 6 13 5 1 17 4 
4 11 19 16 12 7 3 2 11 17 
5 8 5 9 3 3 19 9 0 5 
3 7 10 15 0 6 14 6 10 18 
13 10 14 13 6 7 7 13 13 18 
15 14 17 13 3 4 18 19 4 0 

2 3 5 
2 0 6 
2 3 4 
2 5 6 
2 5 8 
2 3 9 
2 3 8 
2 1 2 
2 3 4 
2 5 6 
2 1 6 
2 1 9 
2 4 7 
2 4 7 
2 6 7 
2 3 8 
2 0 7 
2 5 7 
2 0 1 
2 7 9 
2 7 9 
2 4 8 
2 3 4 
2 2 8 
2 6 9 
2 4 5 
2 4 9 
2 2 9 
2 1 9 
2 0 1 
2 2 8 
2 0 8 
2 4 5 
2 7 8 
2 0 8 
2 6 7 

2 3 6 
2 0 7 
2 2 9 
2 3 6 
2 0 2 
2 5 9 
2 3 5 
2 3 4 
2 3 8 
2 3 8 
2 2 4 
2 0 4 
2 1 9 
2 0 9 
2 0 6 
2 6 9 
2 1 3 
2 1 5 
2 7 8 
2 7 8 
2 1 8 
2 2 4 
2 3 4 
2 0 7 
2 2 7 
2 0 4 
2 3 4 
2 0 2 
2 1 5 
2 4 7 
2 2 4 
2 5 7 
2 4 9 
2 3 6 
2 4 7 
2 0 3 
