20 152 152 true

8 7 16 3 1 9 10 17 1 11 0 19 5 12 8 15 13 14 8 9 
14 10 10 5 0 3 10 3 7 6 5 15 10 17 4 0 4 1 7 3 
8 17 18 14 8 17 5 11 19 15 18 18 13 17 13 0 7 10 2 16 
11 15 19 6 9 2 19 17 4 15 13 14 13 2 14 8 10 5 3 6 
6 15 7 19 18 7 1 10 4 16 19 16 13 11 13 7 3 19 4 17 
17 0 0 11 11 16 14 16 12 3 12 6 11 16 19 8 3 0 17 13 
16 7 19 14 19 6 5 14 7 4 11 16 6 15 19 16 3 13 11 18 
11 17 10 8 9 9 13 17 4 15 5 13 12 11 13 5 7 9 14 4 
14 19 18 6 6 6 12 15 6 8 17 5 2 1 12 12 5 14 9 8 
11 7 3 2 8 2 10 19 12 6 15 12 13 17 4 1 11 17 6 5 
13 18 2 7 13 0 4 17 14 15 10 9 11 11 2 16 8 0 4 13 
10 10 8 3 15 5 0 18 1 17 4 4 8 10 0 14 17 12 15 4 
13 5 4 4 15 1 13 19 18 14 13 12 4 19 5 7 13 8 15 13 
18 5 4 17 7 16 10 6 11 4 14 2 15 14 0 4 0 6 19 0 
6 1 1 12 2 6 19 14 2 10 18 8 2 1 16 2 3 8 9 0 
0 15 2 17 13 0 5 4 18 1 7 3 13 13 10 5 19 18 0 0 
6 17 3 10 0 18 11 13 2 15 7 18 17 10 12 0 8 9 3 14 
6 0 11 0 14 14 0 11 8 4 16 7 9 3 6 9 17 7 9 17 
5 8 11 13 7 16 6 19 2 7 2 18 10 6 16 7 11 1 6 8 
19 11 13 15 16 3 7 12 12 8 10 4 19 5 14 19 4 1 10 19 

2 3 12 
2 6 9 
2 16 5 
2 5 6 
2 18 8 
2 3 8 
2 2 15 
2 9 11 
2 12 13 
2 10 14 
2 8 14 
2 0 14 
2 1 11 
2 3 6 
2 7 10 
2 2 11 
2 7 8 
2 5 9 
2 13 14 
2 0 13 
2 0 14 
2 0 19 
2 0 11 
2 0 13 
2 0 12 
2 3 5 
2 7 11 
2 4 8 
2 0 7 
2 9 15 
2 5 15 
2 16 13 
2 10 12 
2 18 8 
2 4 11 
2 8 11 
2 1 6 
2 7 11 
2 2 14 
2 5 12 
2 4 14 
2 3 8 
2 19 10 
2 8 9 
2 19 7 
2 2 15 
2 10 11 
2 5 9 
2 17 14 
2 4 13 
2 3 6 
2 4 14 
2 19 4 
2 16 1 
2 5 12 
2 17 9 
2 18 13 
2 1 9 
2 16 10 
2 0 8 
2 19 13 
2 18 9 
2 16 3 
2 3 7 
2 0 10 
2 2 7 
2 7 13 
2 17 14 
2 0 11 
2 1 4 
2 2 14 
2 16 14 
2 4 13 
2 0 17 
2 2 7 
2 11 13 
2 5 11 
2 0 8 
2 16 4 
2 16 12 
2 19 15 
2 17 4 
2 8 10 
2 4 11 
2 19 5 
2 19 10 
2 2 19 
2 0 4 
2 0 4 
2 16 1 
2 3 9 
2 0 15 
2 6 7 
2 0 13 
2 2 11 
2 0 19 
2 6 15 
2 3 15 
2 19 7 
2 19 14 
2 17 7 
2 11 12 
2 12 15 
2 19 3 
2 11 14 
2 18 14 
2 19 8 
2 10 13 
2 14 15 
2 4 9 
2 18 19 
2 16 9 
2 17 6 
2 1 3 
2 0 15 
2 18 14 
2 0 5 
2 13 15 
2 17 13 
2 16 15 
2 16 8 
2 16 7 
2 18 10 
2 18 7 
2 2 12 
2 16 6 
2 4 10 
2 1 12 
2 16 14 
2 12 13 
2 19 6 
2 11 14 
2 9 11 
2 1 18 
2 18 11 
2 17 2 
2 1 3 
2 0 5 
2 16 17 
2 18 9 
2 5 13 
2 17 7 
2 18 14 
2 9 10 
2 4 5 
2 2 8 
2 16 10 
2 16 11 
2 8 11 
2 5 9 
2 16 10 
2 19 3 

2 19 15 
2 3 8 
2 0 17 
2 1 19 
2 2 6 
2 1 12 
2 7 11 
2 6 7 
2 17 6 
2 2 5 
2 9 15 
2 1 18 
2 4 8 
2 0 15 
2 8 11 
2 16 8 
2 1 3 
2 1 17 
2 19 7 
2 2 4 
2 11 13 
2 6 10 
2 17 14 
2 3 4 
2 1 5 
2 16 6 
2 7 10 
2 18 19 
2 6 10 
2 4 7 
2 19 8 
2 19 5 
2 3 11 
2 19 7 
2 0 10 
2 7 10 
2 12 13 
2 4 12 
2 7 15 
2 1 18 
2 0 14 
2 2 9 
2 17 4 
2 16 9 
2 4 8 
2 16 4 
2 16 17 
2 2 13 
2 5 13 
2 1 11 
2 2 15 
2 8 15 
2 19 6 
2 9 14 
2 5 9 
2 16 14 
2 4 6 
2 9 15 
2 19 5 
2 4 7 
2 18 4 
2 2 12 
2 6 11 
2 9 11 
2 16 15 
2 5 13 
2 3 9 
2 6 12 
2 1 11 
2 5 14 
2 1 14 
2 19 3 
2 0 18 
2 17 6 
2 16 3 
2 3 6 
2 2 8 
2 19 13 
2 17 13 
2 4 11 
2 4 10 
2 10 14 
2 8 13 
2 1 3 
2 16 13 
2 5 7 
2 16 13 
2 17 4 
2 2 19 
2 6 10 
2 3 5 
2 13 15 
2 0 3 
2 4 10 
2 16 12 
2 7 14 
2 1 9 
2 1 6 
2 1 2 
2 0 19 
2 1 18 
2 1 13 
2 17 5 
2 18 11 
2 12 13 
2 2 14 
2 19 13 
2 17 8 
2 12 14 
2 17 11 
2 13 14 
2 4 14 
2 6 13 
2 2 14 
2 16 9 
2 4 14 
2 7 13 
2 8 9 
2 2 19 
2 17 14 
2 10 15 
2 0 15 
2 6 7 
2 9 14 
2 3 14 
2 0 6 
2 17 6 
2 2 12 
2 18 7 
2 9 13 
2 2 8 
2 0 13 
2 16 11 
2 18 15 
2 16 9 
2 16 4 
2 19 10 
2 16 12 
2 7 15 
2 0 18 
2 16 18 
2 10 12 
2 3 14 
2 1 11 
2 0 10 
2 6 7 
2 2 13 
2 0 17 
2 16 8 
2 7 12 
2 0 13 
2 17 7 
