9 20 20 true

9 11 4 9 12 15 11 5 19 
19 14 5 12 17 14 3 9 16 
17 2 14 1 11 13 8 0 9 
0 18 3 10 11 17 15 13 5 
3 4 5 12 7 6 18 19 11 
13 11 15 18 18 19 18 19 6 
9 12 0 17 14 15 8 3 16 
0 8 0 9 2 14 18 11 0 
16 13 0 16 11 11 7 4 6 

2 7 8 
2 0 4 
2 1 4 
2 4 6 
2 5 7 
2 6 7 
2 2 5 
2 1 4 
2 4 7 
2 5 8 
2 5 7 
2 2 7 
2 3 8 
2 0 8 
2 4 6 
2 0 2 
2 2 5 
2 3 4 
2 0 4 
2 2 4 

2 3 4 
2 2 8 
2 4 5 
2 0 6 
2 6 8 
2 1 5 
2 1 3 
2 3 5 
2 3 7 
2 4 6 
2 0 7 
2 4 7 
2 4 8 
2 4 7 
2 3 6 
2 2 8 
2 2 5 
2 4 7 
2 6 8 
2 3 4 
