10 23 23 true

3 12 1 5 11 4 4 15 18 2 
15 12 10 9 10 17 5 8 6 12 
4 9 9 5 12 4 3 8 14 19 
11 7 5 13 0 2 10 17 5 0 
16 13 13 5 11 16 11 14 4 7 
2 11 17 0 4 5 16 9 18 2 
18 5 9 3 17 13 6 14 12 15 
14 7 2 16 7 8 0 0 13 18 
16 15 6 5 5 15 16 9 16 17 
0 1 2 14 15 12 19 17 12 16 

2 1 9 
2 1 4 
2 0 1 
2 4 8 
2 5 6 
2 1 4 
2 7 8 
2 7 9 
2 0 2 
2 5 8 
2 7 9 
2 0 4 
2 6 7 
2 5 7 
2 0 5 
2 1 2 
2 6 7 
2 3 4 
2 1 8 
2 1 9 
2 1 8 
2 0 3 
2 2 4 

2 7 9 
2 2 3 
2 0 6 
2 5 8 
2 1 3 
2 0 6 
2 5 7 
2 1 6 
2 6 9 
2 5 8 
2 0 6 
2 5 7 
2 3 6 
2 2 9 
2 6 9 
2 5 7 
2 1 6 
2 0 9 
2 1 3 
2 8 9 
2 2 3 
2 7 8 
2 2 3 
