9 20 20 true

14 4 13 3 15 7 1 5 14 
7 15 12 18 19 17 17 10 15 
18 8 0 14 17 15 8 15 6 
13 13 9 1 11 2 8 14 16 
14 18 5 11 18 17 13 18 5 
18 16 18 1 4 7 10 2 1 
18 15 17 11 10 4 8 16 6 
16 9 4 10 4 12 3 2 16 
7 5 18 12 1 11 4 14 0 

2 2 8 
2 1 8 
2 4 8 
2 0 1 
2 1 5 
2 0 1 
2 1 4 
2 5 8 
2 5 7 
2 0 6 
2 1 7 
2 4 8 
2 1 7 
2 5 8 
2 0 4 
2 4 7 
2 5 6 
2 5 6 
2 3 6 
2 4 5 

2 1 5 
2 1 5 
2 4 8 
2 0 7 
2 1 3 
2 1 7 
2 0 6 
2 0 4 
2 3 7 
2 3 7 
2 1 3 
2 3 6 
2 2 8 
2 0 1 
2 2 5 
2 0 4 
2 1 8 
2 0 1 
2 0 4 
2 5 8 
