20 49 49 true

16 8 7 10 14 4 6 10 4 5 10 10 14 3 14 18 13 11 15 5 
9 7 15 3 13 2 9 7 4 13 10 3 14 10 0 16 11 10 1 1 
7 12 15 13 14 12 2 4 4 5 8 5 17 8 15 3 19 11 19 13 
4 9 6 13 9 2 19 19 17 7 10 13 17 0 0 11 7 9 7 17 
19 7 11 18 19 5 10 8 18 17 9 12 17 2 15 15 17 2 12 15 
4 8 17 15 6 0 15 1 7 14 7 14 16 17 18 14 4 8 9 0 
13 6 19 16 19 2 18 6 2 10 8 9 1 5 17 11 18 12 3 13 
0 17 14 4 2 8 9 14 4 19 4 13 9 15 4 2 1 12 16 2 
2 3 1 9 12 14 9 4 14 3 0 4 8 11 7 6 5 12 15 9 
17 15 6 17 10 9 10 2 8 8 9 3 6 13 16 16 2 15 9 1 
4 19 5 16 18 10 1 8 3 16 3 17 7 18 11 16 15 8 15 11 
9 10 19 13 19 11 16 5 6 13 16 9 5 16 16 4 18 4 4 16 
5 19 16 5 4 12 0 18 17 3 17 12 4 18 18 15 19 2 3 2 
3 19 1 10 13 3 13 1 14 2 12 8 4 11 11 3 17 3 10 9 
3 16 5 4 11 4 11 18 15 5 14 3 1 8 3 8 0 4 3 5 
11 6 8 17 3 17 14 11 4 3 2 6 17 11 17 15 18 3 11 1 
9 1 7 8 6 13 8 1 1 18 14 10 13 3 13 7 6 18 10 7 
13 11 3 10 12 5 14 18 19 12 4 12 17 18 18 9 13 17 2 10 
6 7 0 14 16 16 10 14 9 0 15 19 17 14 2 10 9 6 11 5 
1 4 9 2 15 12 19 6 6 10 2 9 11 17 15 12 17 17 7 18 

2 5 13 
2 19 12 
2 10 14 
2 18 10 
2 17 4 
2 0 15 
2 6 10 
2 4 15 
2 5 9 
2 12 15 
2 4 9 
2 0 13 
2 2 7 
2 1 12 
2 17 2 
2 3 13 
2 17 19 
2 8 11 
2 3 13 
2 19 15 
2 11 14 
2 11 13 
2 16 19 
2 8 10 
2 18 5 
2 12 13 
2 0 18 
2 17 3 
2 2 3 
2 6 12 
2 6 13 
2 6 7 
2 16 12 
2 1 10 
2 17 6 
2 7 15 
2 16 4 
2 16 3 
2 16 14 
2 18 5 
2 8 14 
2 2 3 
2 1 19 
2 3 5 
2 16 14 
2 7 14 
2 2 3 
2 0 18 
2 0 8 

2 18 7 
2 17 14 
2 0 5 
2 19 12 
2 16 5 
2 8 14 
2 9 12 
2 2 11 
2 0 10 
2 18 12 
2 18 10 
2 8 15 
2 1 19 
2 8 14 
2 3 13 
2 19 4 
2 17 11 
2 0 11 
2 17 18 
2 18 6 
2 0 4 
2 2 10 
2 5 14 
2 0 4 
2 16 12 
2 16 7 
2 18 3 
2 12 14 
2 0 12 
2 1 12 
2 16 10 
2 9 15 
2 0 4 
2 18 12 
2 0 8 
2 2 19 
2 9 14 
2 6 14 
2 0 9 
2 4 13 
2 18 8 
2 12 13 
2 4 13 
2 18 19 
2 16 14 
2 1 19 
2 3 4 
2 17 9 
2 1 5 
