20 159 159 true

2 6 9 7 15 19 13 12 2 15 15 17 8 5 8 2 12 0 3 12 
0 13 12 1 10 8 8 0 8 8 14 16 7 2 18 11 6 17 9 5 
8 14 13 0 14 17 4 0 7 9 17 2 12 12 8 10 9 9 18 4 
17 18 13 8 9 2 10 13 7 9 19 12 19 18 16 19 18 16 0 5 
19 14 15 9 11 7 17 1 6 12 13 9 15 15 0 11 9 4 13 15 
8 2 13 19 1 9 3 9 4 18 15 12 4 1 16 6 6 19 13 10 
1 10 7 6 13 6 10 5 11 19 2 9 0 10 13 5 17 17 5 16 
13 12 2 9 7 18 11 9 1 1 4 9 14 15 17 13 17 14 2 2 
14 15 6 12 15 15 13 2 13 12 11 10 11 19 19 18 5 0 10 14 
7 6 7 7 0 8 16 14 13 8 16 15 8 18 10 11 14 12 0 15 
16 13 4 0 11 6 7 14 8 15 4 2 6 2 7 12 3 7 1 16 
13 4 0 6 19 3 11 13 4 5 0 8 0 15 17 12 1 1 2 8 
19 16 1 5 6 7 11 19 8 0 1 19 8 6 14 3 2 2 11 16 
19 19 19 18 5 2 16 8 5 12 18 7 3 17 10 11 4 2 4 9 
3 2 18 9 12 15 10 16 2 8 4 13 5 5 4 1 15 9 3 13 
11 19 16 12 18 7 8 18 16 5 0 10 12 3 8 2 6 7 10 15 
2 8 19 18 14 4 7 11 19 13 17 5 6 13 17 1 7 9 16 15 
0 19 14 2 0 11 4 18 18 10 13 8 19 1 19 9 1 15 16 10 
17 13 18 14 14 5 1 2 16 18 5 12 9 1 0 6 4 0 5 19 
1 6 10 8 9 6 16 17 1 10 11 1 16 14 8 9 19 5 2 3 

2 9 12 
2 0 2 
2 1 12 
2 17 5 
2 6 9 
2 16 15 
2 8 13 
2 2 13 
2 19 10 
2 3 15 
2 8 12 
2 16 13 
2 19 10 
2 4 11 
2 12 15 
2 10 12 
2 5 15 
2 2 10 
2 1 18 
2 2 12 
2 2 14 
2 16 15 
2 4 15 
2 18 4 
2 17 7 
2 2 13 
2 9 11 
2 18 19 
2 11 12 
2 19 10 
2 16 8 
2 2 15 
2 3 6 
2 18 19 
2 7 9 
2 3 15 
2 16 10 
2 18 14 
2 0 3 
2 17 8 
2 6 9 
2 19 13 
2 4 10 
2 17 8 
2 9 13 
2 2 18 
2 5 10 
2 12 13 
2 6 15 
2 1 15 
2 7 8 
2 2 10 
2 1 5 
2 0 9 
2 0 12 
2 6 13 
2 16 14 
2 13 15 
2 17 6 
2 19 5 
2 4 11 
2 12 14 
2 6 12 
2 0 1 
2 16 1 
2 1 8 
2 18 2 
2 9 11 
2 5 13 
2 4 12 
2 0 12 
2 18 4 
2 19 10 
2 16 18 
2 2 15 
2 16 9 
2 0 12 
2 10 11 
2 18 13 
2 17 1 
2 2 19 
2 0 11 
2 2 3 
2 17 5 
2 2 14 
2 9 15 
2 18 6 
2 0 5 
2 2 13 
2 4 11 
2 1 3 
2 17 5 
2 16 10 
2 0 15 
2 0 6 
2 1 18 
2 3 13 
2 0 13 
2 0 14 
2 2 8 
2 17 6 
2 3 6 
2 0 18 
2 17 7 
2 6 15 
2 16 10 
2 0 4 
2 17 14 
2 17 6 
2 7 11 
2 18 6 
2 19 9 
2 3 15 
2 10 14 
2 0 15 
2 9 14 
2 1 18 
2 2 9 
2 7 10 
2 2 5 
2 0 10 
2 6 8 
2 4 9 
2 0 4 
2 0 11 
2 16 13 
2 16 8 
2 17 4 
2 17 4 
2 16 10 
2 5 7 
2 11 14 
2 16 6 
2 2 8 
2 0 15 
2 3 11 
2 19 14 
2 17 15 
2 0 18 
2 1 10 
2 2 15 
2 0 1 
2 10 13 
2 0 8 
2 1 11 
2 19 12 
2 18 9 
2 12 13 
2 5 6 
2 18 9 
2 18 12 
2 2 6 
2 2 14 
2 0 17 
2 17 19 
2 1 17 
2 16 8 
2 0 14 
2 8 14 

2 3 9 
2 17 3 
2 16 10 
2 17 8 
2 16 7 
2 1 2 
2 9 13 
2 0 17 
2 0 14 
2 16 5 
2 18 19 
2 0 16 
2 7 12 
2 4 11 
2 16 11 
2 3 11 
2 19 12 
2 9 12 
2 7 10 
2 4 5 
2 6 15 
2 1 9 
2 17 5 
2 7 13 
2 19 13 
2 10 11 
2 0 1 
2 7 9 
2 6 12 
2 1 8 
2 1 4 
2 7 9 
2 1 5 
2 2 15 
2 16 2 
2 19 7 
2 1 7 
2 12 13 
2 5 8 
2 17 11 
2 16 5 
2 16 6 
2 17 10 
2 17 14 
2 18 10 
2 5 15 
2 6 14 
2 19 12 
2 17 10 
2 3 12 
2 5 6 
2 19 7 
2 2 7 
2 2 10 
2 5 12 
2 17 9 
2 0 8 
2 19 10 
2 6 8 
2 6 9 
2 2 8 
2 1 10 
2 4 8 
2 11 15 
2 5 13 
2 19 10 
2 2 6 
2 7 11 
2 11 15 
2 7 9 
2 3 7 
2 0 17 
2 0 15 
2 1 12 
2 18 9 
2 5 11 
2 0 1 
2 1 15 
2 16 4 
2 0 6 
2 10 11 
2 18 13 
2 18 4 
2 0 12 
2 18 10 
2 0 18 
2 2 13 
2 0 3 
2 4 5 
2 12 15 
2 3 12 
2 8 11 
2 7 14 
2 17 2 
2 0 7 
2 1 6 
2 2 8 
2 16 2 
2 17 5 
2 2 13 
2 4 12 
2 17 2 
2 18 19 
2 16 19 
2 17 14 
2 19 15 
2 8 12 
2 1 9 
2 16 19 
2 6 8 
2 2 8 
2 4 15 
2 3 11 
2 18 7 
2 17 7 
2 5 15 
2 2 13 
2 5 12 
2 1 14 
2 7 11 
2 9 12 
2 8 11 
2 9 15 
2 16 7 
2 19 4 
2 0 18 
2 7 13 
2 10 14 
2 2 6 
2 2 9 
2 8 15 
2 8 15 
2 10 13 
2 16 0 
2 17 7 
2 13 14 
2 5 8 
2 4 5 
2 18 8 
2 5 13 
2 2 10 
2 4 5 
2 1 2 
2 16 17 
2 19 12 
2 5 11 
2 0 1 
2 0 9 
2 3 15 
2 0 17 
2 5 15 
2 18 7 
2 18 2 
2 16 14 
2 2 5 
2 7 8 
2 1 5 
2 3 15 
2 2 14 
