9 31 31 true

0 12 6 16 0 17 0 13 17 
9 15 10 18 7 8 12 18 15 
12 17 17 18 9 6 12 7 4 
16 8 18 10 0 10 2 14 11 
2 8 15 12 11 15 19 16 17 
9 18 11 15 8 18 12 18 19 
5 7 14 15 5 7 13 12 15 
8 9 3 17 18 2 0 14 2 
5 17 10 17 8 10 13 12 10 

2 1 2 
2 1 2 
2 3 6 
2 1 8 
2 4 8 
2 1 7 
2 3 6 
2 0 3 
2 3 7 
2 0 3 
2 3 5 
2 6 7 
2 4 5 
2 0 3 
2 0 8 
2 2 6 
2 3 5 
2 0 8 
2 0 1 
2 2 4 
2 3 6 
2 0 1 
2 1 6 
2 0 1 
2 5 8 
2 0 6 
2 0 2 
2 4 6 
2 6 7 
2 0 3 
2 1 3 

2 1 7 
2 0 6 
2 4 7 
2 2 7 
2 2 4 
2 0 3 
2 1 4 
2 2 6 
2 5 6 
2 4 6 
2 4 7 
2 1 7 
2 0 7 
2 0 2 
2 2 4 
2 1 3 
2 4 6 
2 5 7 
2 2 6 
2 1 3 
2 1 5 
2 1 8 
2 1 7 
2 1 3 
2 1 2 
2 0 3 
2 1 3 
2 7 8 
2 3 7 
2 0 8 
2 0 1 
