20 167 167 true

7 0 2 4 11 9 17 17 6 19 0 9 1 17 7 12 10 1 12 17 
8 2 0 7 14 10 8 13 16 3 14 17 1 8 3 3 4 9 6 11 
18 2 14 3 6 11 14 7 3 17 19 6 9 8 12 1 6 16 8 3 
1 12 15 6 4 5 0 3 10 13 15 14 11 17 11 12 18 6 8 6 
2 0 9 15 11 2 16 9 19 11 6 13 3 1 6 7 18 0 9 1 
8 3 0 17 19 16 2 5 16 3 17 12 9 11 2 13 16 10 0 9 
13 18 1 15 3 7 3 16 1 12 7 12 1 2 16 14 5 19 2 8 
3 16 3 2 6 1 18 19 4 14 9 2 12 12 15 15 16 11 4 12 
13 10 1 4 17 8 14 15 7 9 13 6 1 15 18 7 8 2 18 19 
6 6 5 3 8 4 14 19 7 11 5 5 7 13 17 8 16 0 17 2 
12 7 12 11 12 10 3 2 1 0 4 10 9 12 0 9 1 16 2 2 
10 3 8 16 7 17 2 18 11 8 19 18 10 17 11 14 16 4 17 13 
12 19 7 17 11 0 10 5 10 9 1 7 15 18 19 5 6 13 16 3 
16 2 19 5 19 15 17 6 18 9 19 15 0 8 16 7 0 19 9 10 
13 11 8 7 13 19 4 3 8 4 4 12 14 10 5 5 11 11 18 17 
18 3 0 19 4 12 1 6 9 18 17 4 4 12 14 3 1 17 8 3 
5 13 14 1 3 7 5 5 13 9 10 14 7 18 17 3 19 12 1 12 
1 8 9 7 11 13 11 8 6 12 4 10 17 15 18 19 3 3 6 19 
14 13 17 1 17 12 6 4 2 19 10 0 0 1 13 9 12 3 15 19 
19 0 14 10 15 7 0 12 17 19 7 18 5 4 15 1 7 12 10 0 

2 19 4 
2 10 15 
2 7 9 
2 0 10 
2 17 8 
2 2 14 
2 16 7 
2 16 11 
2 17 11 
2 2 19 
2 2 14 
2 0 11 
2 16 5 
2 1 10 
2 1 14 
2 7 13 
2 18 12 
2 16 15 
2 17 12 
2 11 14 
2 18 4 
2 6 14 
2 19 6 
2 1 7 
2 16 15 
2 6 15 
2 18 19 
2 10 14 
2 9 11 
2 0 8 
2 8 9 
2 16 9 
2 18 12 
2 17 15 
2 6 14 
2 17 11 
2 5 6 
2 6 11 
2 17 2 
2 3 9 
2 8 14 
2 9 13 
2 19 7 
2 6 14 
2 16 13 
2 3 11 
2 5 14 
2 19 12 
2 16 3 
2 18 4 
2 0 1 
2 19 5 
2 6 9 
2 9 15 
2 0 6 
2 1 2 
2 17 19 
2 19 9 
2 5 9 
2 1 4 
2 19 11 
2 1 8 
2 8 10 
2 0 13 
2 0 19 
2 19 5 
2 1 10 
2 3 14 
2 7 8 
2 1 19 
2 1 11 
2 4 13 
2 16 2 
2 1 3 
2 4 8 
2 5 14 
2 0 8 
2 1 3 
2 1 3 
2 1 15 
2 1 7 
2 3 7 
2 1 12 
2 0 11 
2 19 15 
2 3 4 
2 17 3 
2 3 8 
2 8 10 
2 9 11 
2 7 12 
2 9 12 
2 0 15 
2 3 10 
2 8 15 
2 5 6 
2 1 12 
2 0 4 
2 12 13 
2 18 11 
2 3 6 
2 16 6 
2 19 6 
2 3 15 
2 19 4 
2 3 8 
2 5 9 
2 19 14 
2 4 6 
2 19 15 
2 1 5 
2 12 13 
2 1 14 
2 16 9 
2 5 9 
2 4 6 
2 18 5 
2 7 9 
2 17 19 
2 5 8 
2 3 13 
2 0 9 
2 3 5 
2 1 10 
2 7 9 
2 6 13 
2 19 13 
2 3 7 
2 7 14 
2 17 13 
2 7 11 
2 4 6 
2 1 14 
2 4 13 
2 16 4 
2 18 15 
2 9 10 
2 16 13 
2 0 19 
2 1 12 
2 18 14 
2 5 15 
2 0 13 
2 17 15 
2 6 7 
2 19 8 
2 4 5 
2 19 7 
2 7 12 
2 6 8 
2 11 15 
2 1 9 
2 1 19 
2 9 12 
2 6 7 
2 5 10 
2 16 12 
2 5 9 
2 18 19 
2 0 16 
2 17 7 
2 12 14 
2 1 6 
2 11 15 
2 16 6 
2 17 7 
2 8 9 

2 17 13 
2 5 10 
2 19 10 
2 5 6 
2 18 9 
2 0 10 
2 14 15 
2 18 11 
2 16 11 
2 1 11 
2 16 8 
2 19 14 
2 17 7 
2 3 5 
2 2 9 
2 5 13 
2 2 9 
2 17 13 
2 16 15 
2 7 15 
2 3 13 
2 16 3 
2 18 4 
2 6 10 
2 16 13 
2 7 8 
2 19 12 
2 6 8 
2 9 13 
2 10 11 
2 18 5 
2 8 13 
2 7 15 
2 9 13 
2 11 14 
2 0 17 
2 0 11 
2 17 6 
2 19 12 
2 10 13 
2 18 5 
2 1 10 
2 17 6 
2 18 10 
2 0 18 
2 0 10 
2 0 13 
2 18 5 
2 0 12 
2 0 14 
2 16 6 
2 3 4 
2 0 1 
2 4 13 
2 5 11 
2 1 3 
2 6 12 
2 16 11 
2 16 15 
2 16 9 
2 0 5 
2 14 15 
2 6 12 
2 5 8 
2 1 18 
2 19 3 
2 19 12 
2 3 5 
2 2 9 
2 0 12 
2 4 10 
2 18 11 
2 9 15 
2 1 18 
2 19 8 
2 0 12 
2 16 8 
2 11 15 
2 5 12 
2 4 7 
2 19 5 
2 2 13 
2 18 13 
2 17 13 
2 6 15 
2 5 8 
2 4 5 
2 0 1 
2 16 15 
2 3 11 
2 16 1 
2 17 12 
2 9 12 
2 11 14 
2 17 6 
2 0 10 
2 4 12 
2 4 9 
2 9 11 
2 0 8 
2 17 5 
2 19 12 
2 2 15 
2 1 15 
2 0 7 
2 9 14 
2 16 5 
2 6 13 
2 7 9 
2 18 7 
2 1 18 
2 8 13 
2 4 8 
2 7 12 
2 14 15 
2 16 13 
2 13 14 
2 1 5 
2 19 9 
2 17 9 
2 17 19 
2 2 11 
2 11 15 
2 17 19 
2 6 9 
2 19 11 
2 6 14 
2 16 6 
2 0 9 
2 6 14 
2 4 15 
2 16 12 
2 9 10 
2 6 10 
2 16 9 
2 19 4 
2 1 12 
2 0 10 
2 16 11 
2 3 13 
2 0 12 
2 10 15 
2 10 15 
2 4 14 
2 17 13 
2 4 9 
2 10 15 
2 18 15 
2 16 15 
2 0 4 
2 1 3 
2 0 7 
2 0 11 
2 11 15 
2 17 19 
2 18 6 
2 7 14 
2 1 6 
2 1 15 
2 6 10 
2 1 12 
2 17 7 
2 12 13 
2 6 12 
2 3 7 
2 1 7 
2 6 7 
