9 32 32 true

15 13 19 14 13 6 19 0 16 
0 3 13 14 10 9 14 17 19 
15 2 2 8 1 19 18 14 9 
10 6 5 13 8 9 3 7 14 
13 11 2 14 2 3 16 12 9 
7 12 11 7 18 5 0 8 19 
1 18 1 15 8 0 15 17 7 
12 6 12 5 17 4 3 8 9 
11 7 4 3 15 19 9 10 5 

2 2 7 
2 5 8 
2 0 3 
2 0 6 
2 0 7 
2 1 2 
2 3 8 
2 0 8 
2 7 8 
2 2 6 
2 2 3 
2 3 7 
2 0 5 
2 2 5 
2 1 2 
2 2 3 
2 2 5 
2 2 4 
2 3 6 
2 1 4 
2 1 8 
2 2 8 
2 1 8 
2 0 6 
2 0 7 
2 2 3 
2 3 5 
2 3 6 
2 7 8 
2 1 6 
2 0 8 
2 2 8 

2 1 3 
2 2 3 
2 2 4 
2 2 4 
2 0 4 
2 0 8 
2 0 2 
2 5 6 
2 0 8 
2 2 5 
2 2 5 
2 2 3 
2 0 3 
2 5 7 
2 1 2 
2 7 8 
2 2 7 
2 3 5 
2 5 8 
2 6 8 
2 1 2 
2 0 4 
2 2 3 
2 0 8 
2 3 5 
2 2 8 
2 0 5 
2 1 2 
2 1 3 
2 3 4 
2 5 8 
2 2 8 
