9 32 32 true

2 18 3 17 5 10 9 2 5 
8 4 1 3 17 17 4 9 19 
9 11 10 10 0 12 4 14 17 
19 7 7 3 14 18 18 2 15 
14 16 18 19 13 19 7 17 14 
15 0 1 2 12 17 18 12 12 
15 17 13 6 13 3 15 18 7 
6 0 19 16 5 12 8 5 19 
15 13 2 19 9 2 13 8 9 

2 1 5 
2 0 7 
2 3 5 
2 0 3 
2 2 6 
2 1 8 
2 1 6 
2 3 5 
2 6 7 
2 3 4 
2 3 4 
2 6 8 
2 0 4 
2 1 6 
2 5 8 
2 1 2 
2 4 6 
2 4 6 
2 2 6 
2 7 8 
2 3 5 
2 0 5 
2 4 8 
2 3 5 
2 1 8 
2 6 7 
2 1 6 
2 3 5 
2 0 1 
2 4 7 
2 0 4 
2 3 4 

2 3 6 
2 1 7 
2 0 8 
2 3 7 
2 7 8 
2 2 8 
2 3 8 
2 5 8 
2 3 6 
2 2 7 
2 2 8 
2 1 3 
2 7 8 
2 3 6 
2 3 8 
2 3 8 
2 5 6 
2 2 6 
2 5 6 
2 4 7 
2 1 2 
2 0 2 
2 1 7 
2 1 8 
2 3 4 
2 0 6 
2 4 8 
2 0 6 
2 1 5 
2 3 4 
2 4 6 
2 1 5 
