20 51 51 true

11 14 14 9 10 11 1 2 10 2 3 3 4 15 1 14 13 17 6 17 
1 19 18 18 8 17 0 13 14 18 1 2 19 14 0 19 17 18 17 6 
3 7 10 4 13 11 2 8 7 18 15 16 9 13 0 8 16 15 19 10 
3 4 14 4 12 12 11 13 5 10 5 14 14 2 11 16 9 10 14 18 
17 14 11 3 10 13 1 9 11 5 4 13 5 9 11 4 0 5 15 17 
5 2 8 1 14 8 13 3 1 3 3 9 18 3 12 2 10 0 8 9 
10 10 15 1 0 7 7 8 7 18 9 0 8 1 2 16 17 9 1 4 
0 18 14 2 11 14 7 19 1 6 14 9 11 0 14 15 9 4 18 1 
0 9 12 19 9 3 1 11 10 9 10 12 5 11 5 17 3 18 6 6 
2 14 17 19 7 1 1 16 3 19 10 15 17 17 1 5 14 9 6 1 
15 10 19 17 16 5 7 15 10 8 2 1 3 13 10 0 11 18 15 7 
5 11 6 11 5 5 13 1 14 6 0 6 11 14 9 10 13 2 3 12 
17 14 10 18 16 19 5 2 4 17 17 19 14 11 16 1 13 6 15 16 
9 5 12 9 19 7 9 1 18 14 10 14 15 10 0 6 5 6 17 12 
18 9 2 1 4 3 7 10 7 9 7 7 3 3 8 12 1 15 15 16 
16 3 3 11 0 1 9 17 15 15 7 18 8 14 0 13 16 7 5 14 
4 16 13 7 5 0 15 13 6 11 6 0 15 7 3 13 6 10 2 17 
3 6 13 18 12 10 2 17 13 12 12 6 1 13 9 1 2 7 18 12 
4 16 11 10 8 9 18 13 11 14 17 9 1 2 12 6 15 6 6 19 
9 3 1 14 1 10 15 13 19 19 4 17 0 7 5 1 5 2 10 15 

2 3 15 
2 19 14 
2 16 1 
2 8 14 
2 0 8 
2 0 12 
2 18 11 
2 8 10 
2 1 3 
2 13 14 
2 17 9 
2 2 14 
2 3 4 
2 18 4 
2 9 12 
2 6 10 
2 12 15 
2 19 15 
2 3 12 
2 10 12 
2 7 9 
2 11 12 
2 4 5 
2 19 10 
2 3 9 
2 18 10 
2 9 13 
2 5 6 
2 16 9 
2 11 14 
2 19 14 
2 3 12 
2 17 3 
2 18 10 
2 19 9 
2 16 4 
2 4 11 
2 19 12 
2 1 10 
2 2 19 
2 7 9 
2 1 9 
2 18 6 
2 8 10 
2 7 15 
2 3 6 
2 19 7 
2 4 5 
2 2 8 
2 2 15 
2 1 9 

2 1 17 
2 0 8 
2 0 1 
2 0 12 
2 6 7 
2 0 10 
2 4 14 
2 1 11 
2 16 14 
2 7 10 
2 9 13 
2 1 8 
2 0 17 
2 2 14 
2 2 7 
2 16 12 
2 17 5 
2 19 5 
2 16 12 
2 1 10 
2 9 14 
2 19 13 
2 0 7 
2 16 14 
2 4 8 
2 19 8 
2 8 9 
2 4 10 
2 2 14 
2 2 12 
2 8 13 
2 9 15 
2 2 6 
2 1 13 
2 12 15 
2 7 11 
2 17 19 
2 19 4 
2 16 2 
2 16 15 
2 8 14 
2 0 2 
2 16 11 
2 19 15 
2 7 11 
2 4 5 
2 19 11 
2 2 5 
2 7 15 
2 18 10 
2 16 1 
