9 30 30 true

9 0 15 18 19 17 8 8 10 
0 4 15 15 19 9 13 19 7 
19 10 9 15 11 2 0 8 14 
17 13 14 4 6 3 3 12 3 
15 4 19 5 10 11 5 18 8 
9 1 7 1 10 3 5 11 18 
13 17 13 14 4 19 8 5 10 
19 15 6 5 5 12 15 19 6 
0 8 17 14 17 15 7 15 12 

2 0 4 
2 3 8 
2 2 7 
2 0 8 
2 1 4 
2 2 7 
2 2 8 
2 5 7 
2 4 5 
2 0 5 
2 5 6 
2 2 4 
2 0 8 
2 5 8 
2 5 8 
2 1 3 
2 0 3 
2 2 5 
2 3 8 
2 5 7 
2 2 7 
2 1 7 
2 0 1 
2 0 3 
2 1 6 
2 2 6 
2 0 8 
2 2 6 
2 5 7 
2 1 5 

2 1 6 
2 1 4 
2 7 8 
2 3 4 
2 3 8 
2 3 7 
2 3 7 
2 5 7 
2 2 5 
2 1 5 
2 5 7 
2 2 7 
2 0 8 
2 0 7 
2 1 4 
2 4 8 
2 2 4 
2 1 3 
2 1 2 
2 0 1 
2 1 4 
2 2 5 
2 4 6 
2 7 8 
2 2 8 
2 5 7 
2 2 4 
2 3 4 
2 6 8 
2 0 1 
