20 49 49 true

11 11 7 12 4 5 13 5 13 13 7 15 12 11 2 7 12 10 18 16 
8 7 4 13 8 4 1 8 15 1 9 3 5 3 4 2 17 14 18 18 
12 0 4 18 16 15 12 14 14 10 11 16 3 7 1 17 19 11 2 16 
11 0 5 0 7 4 0 17 4 10 12 6 4 6 1 7 13 3 8 6 
13 5 3 11 5 13 7 2 9 18 14 18 16 4 1 10 8 8 4 16 
8 6 14 1 12 0 19 19 9 2 13 5 4 17 0 5 5 12 13 13 
5 12 11 11 14 17 5 3 16 9 16 16 19 10 17 11 4 3 3 16 
4 7 8 13 3 4 5 19 3 5 10 14 13 9 10 6 5 4 8 11 
19 9 18 13 7 11 12 1 8 15 1 10 10 15 15 7 10 14 11 18 
8 18 19 12 4 18 7 11 7 5 18 0 2 0 3 13 16 10 6 2 
9 11 5 1 4 6 15 16 19 10 4 15 0 9 17 16 13 5 12 10 
4 4 8 1 12 11 19 1 7 14 17 14 15 6 15 15 6 9 0 18 
1 14 6 10 1 7 16 12 7 14 1 19 13 5 15 5 10 5 10 6 
9 6 2 3 2 16 3 13 3 10 9 6 15 3 18 16 16 2 0 6 
12 14 13 6 17 9 2 2 1 2 11 18 7 9 16 4 12 14 1 5 
4 4 4 14 10 15 17 9 9 16 13 17 15 4 15 8 11 5 17 5 
5 16 4 5 8 17 17 1 19 3 1 18 2 17 7 10 10 18 6 1 
17 11 2 15 0 14 18 18 18 4 17 1 5 19 8 2 8 0 19 0 
5 18 10 14 1 0 8 7 0 2 13 0 14 18 7 6 12 3 5 11 
2 4 7 19 11 4 6 0 2 9 16 16 11 8 4 11 16 3 6 13 

2 8 12 
2 11 13 
2 3 13 
2 4 12 
2 2 10 
2 0 14 
2 0 2 
2 3 13 
2 19 6 
2 19 14 
2 1 12 
2 16 1 
2 18 13 
2 0 17 
2 5 10 
2 17 7 
2 3 10 
2 5 15 
2 4 6 
2 4 5 
2 1 18 
2 4 13 
2 17 8 
2 3 9 
2 5 6 
2 16 12 
2 11 14 
2 4 10 
2 5 14 
2 10 13 
2 16 9 
2 18 12 
2 0 10 
2 2 15 
2 0 18 
2 8 11 
2 0 6 
2 17 18 
2 4 10 
2 19 14 
2 1 6 
2 0 4 
2 16 1 
2 7 12 
2 10 11 
2 0 2 
2 1 19 
2 2 3 
2 1 2 

2 0 19 
2 8 12 
2 17 14 
2 17 14 
2 3 15 
2 6 7 
2 1 10 
2 1 18 
2 6 11 
2 6 10 
2 16 11 
2 18 7 
2 1 14 
2 2 15 
2 9 12 
2 19 7 
2 9 14 
2 6 14 
2 16 1 
2 7 14 
2 19 8 
2 16 11 
2 17 4 
2 19 11 
2 2 18 
2 6 14 
2 0 18 
2 5 14 
2 1 18 
2 13 15 
2 2 6 
2 9 13 
2 9 14 
2 0 11 
2 0 11 
2 1 13 
2 17 9 
2 8 14 
2 6 10 
2 18 8 
2 0 17 
2 17 9 
2 16 14 
2 0 8 
2 0 10 
2 5 13 
2 19 7 
2 9 11 
2 18 6 
