10 38 38 true

0 16 9 7 1 6 8 11 11 0 
4 15 10 6 2 16 4 14 18 3 
8 6 9 11 8 13 9 17 17 14 
15 8 14 4 5 18 9 0 19 5 
14 7 8 12 2 13 6 10 13 15 
5 3 16 18 5 5 17 11 13 14 
15 9 13 16 0 15 6 12 6 4 
1 3 13 18 10 0 19 3 16 13 
12 10 5 19 6 7 15 0 18 11 
15 19 4 8 10 17 1 1 6 6 

2 1 4 
2 1 5 
2 3 4 
2 3 8 
2 3 5 
2 7 9 
2 2 3 
2 2 6 
2 2 9 
2 1 9 
2 6 7 
2 1 4 
2 1 9 
2 0 6 
2 2 4 
2 7 8 
2 1 9 
2 2 9 
2 4 5 
2 0 7 
2 1 3 
2 1 9 
2 6 9 
2 0 8 
2 7 8 
2 0 5 
2 6 7 
2 0 2 
2 1 6 
2 2 8 
2 1 7 
2 3 7 
2 2 4 
2 1 4 
2 0 1 
2 2 5 
2 0 7 
2 0 1 

2 6 8 
2 2 9 
2 2 3 
2 3 9 
2 1 5 
2 5 6 
2 1 2 
2 6 9 
2 1 2 
2 0 4 
2 0 5 
2 0 8 
2 1 7 
2 1 9 
2 1 9 
2 6 8 
2 1 4 
2 5 7 
2 8 9 
2 6 7 
2 2 3 
2 6 7 
2 0 3 
2 0 6 
2 2 3 
2 4 5 
2 7 8 
2 2 5 
2 4 7 
2 4 8 
2 2 7 
2 2 6 
2 3 7 
2 7 8 
2 1 5 
2 1 4 
2 0 3 
2 0 1 
