20 165 165 true

4 5 13 15 19 3 4 10 13 5 15 17 8 16 15 12 18 13 15 6 
0 9 4 3 9 5 19 13 8 4 10 7 0 2 1 4 19 17 10 1 
17 17 16 19 10 0 18 12 8 5 12 11 14 10 13 13 4 5 6 12 
5 14 10 3 8 18 13 2 1 7 19 17 14 14 12 2 18 15 5 12 
16 12 15 13 10 11 6 14 18 3 3 3 19 12 19 8 0 17 6 13 
16 7 7 11 14 11 10 7 0 1 6 10 19 15 5 19 6 16 7 0 
5 16 4 2 0 10 5 17 2 2 12 17 17 4 10 15 17 18 7 12 
1 4 10 15 11 14 2 15 17 10 19 0 13 14 12 16 1 7 6 9 
19 13 7 3 8 4 10 18 16 16 11 9 9 14 6 17 16 7 0 0 
5 1 6 18 6 3 1 9 16 6 14 2 17 8 10 13 1 17 15 2 
13 13 0 18 8 18 18 7 1 11 12 3 19 12 1 3 2 11 1 5 
12 11 19 19 3 19 19 0 2 16 11 3 13 4 5 12 17 11 13 9 
6 8 6 19 10 11 18 6 18 13 9 15 2 5 17 1 18 14 8 14 
8 11 10 17 11 0 17 11 10 7 19 1 15 11 0 9 11 8 7 12 
1 7 12 18 8 9 7 3 6 11 13 15 3 9 9 17 12 9 14 9 
16 5 11 15 12 13 10 3 12 5 19 6 0 12 19 2 10 7 19 1 
3 10 19 14 19 0 11 9 16 14 5 6 18 15 6 5 11 0 1 11 
11 7 0 10 1 3 15 3 19 15 16 15 5 15 12 17 12 10 3 9 
16 6 7 2 0 10 3 13 10 14 9 1 15 12 9 0 7 7 10 5 
0 6 9 17 1 12 16 12 3 9 15 3 11 3 7 13 12 19 18 5 

2 4 11 
2 1 3 
2 5 14 
2 3 15 
2 1 7 
2 16 2 
2 16 2 
2 2 6 
2 19 4 
2 19 11 
2 7 8 
2 0 12 
2 16 10 
2 14 15 
2 18 19 
2 1 10 
2 1 7 
2 19 5 
2 2 12 
2 5 13 
2 17 10 
2 0 19 
2 1 10 
2 16 3 
2 17 8 
2 1 7 
2 10 14 
2 16 0 
2 0 4 
2 19 14 
2 19 15 
2 1 7 
2 5 9 
2 8 12 
2 4 10 
2 4 5 
2 17 3 
2 16 5 
2 1 4 
2 17 19 
2 3 13 
2 19 5 
2 17 2 
2 0 6 
2 16 10 
2 0 11 
2 0 14 
2 3 6 
2 7 10 
2 18 10 
2 4 10 
2 8 14 
2 0 16 
2 1 13 
2 4 11 
2 7 14 
2 8 15 
2 6 10 
2 6 14 
2 1 10 
2 1 4 
2 16 10 
2 0 14 
2 13 14 
2 9 15 
2 19 5 
2 7 8 
2 4 6 
2 17 19 
2 0 3 
2 6 9 
2 6 10 
2 13 14 
2 0 7 
2 1 5 
2 1 15 
2 4 11 
2 2 18 
2 5 13 
2 8 13 
2 17 7 
2 0 10 
2 17 18 
2 4 12 
2 5 6 
2 3 8 
2 4 9 
2 1 5 
2 7 10 
2 17 10 
2 16 6 
2 8 15 
2 1 18 
2 2 12 
2 16 14 
2 6 11 
2 17 4 
2 4 5 
2 11 15 
2 0 2 
2 16 2 
2 16 19 
2 6 11 
2 2 7 
2 1 7 
2 4 12 
2 4 14 
2 1 3 
2 17 12 
2 18 19 
2 1 9 
2 19 8 
2 0 17 
2 19 9 
2 3 4 
2 7 12 
2 4 8 
2 14 15 
2 18 14 
2 1 15 
2 19 4 
2 18 15 
2 1 8 
2 3 12 
2 0 1 
2 17 4 
2 3 15 
2 8 9 
2 16 9 
2 17 3 
2 12 14 
2 16 4 
2 7 11 
2 2 12 
2 2 15 
2 3 5 
2 14 15 
2 9 12 
2 19 15 
2 12 15 
2 2 10 
2 17 11 
2 19 8 
2 5 10 
2 1 18 
2 18 11 
2 8 12 
2 9 13 
2 19 13 
2 1 9 
2 17 13 
2 4 12 
2 5 15 
2 16 3 
2 16 14 
2 16 12 
2 17 11 
2 18 5 
2 2 4 
2 8 14 
2 6 14 
2 6 12 
2 17 14 
2 8 12 
2 0 10 

2 18 6 
2 18 3 
2 8 13 
2 0 3 
2 19 8 
2 18 3 
2 0 6 
2 5 6 
2 18 11 
2 5 13 
2 2 8 
2 7 9 
2 18 10 
2 2 18 
2 8 13 
2 16 19 
2 18 11 
2 17 2 
2 17 19 
2 2 14 
2 18 15 
2 5 10 
2 4 7 
2 0 6 
2 16 9 
2 18 8 
2 1 10 
2 10 15 
2 4 5 
2 7 14 
2 0 19 
2 4 8 
2 1 3 
2 16 18 
2 0 15 
2 16 4 
2 7 14 
2 17 5 
2 11 15 
2 9 12 
2 6 11 
2 0 17 
2 17 15 
2 1 11 
2 0 10 
2 6 13 
2 16 0 
2 6 14 
2 5 12 
2 10 14 
2 1 13 
2 4 8 
2 5 9 
2 3 14 
2 7 15 
2 3 10 
2 0 2 
2 10 14 
2 16 8 
2 3 13 
2 4 12 
2 3 7 
2 2 3 
2 18 9 
2 17 11 
2 18 9 
2 17 13 
2 17 12 
2 19 12 
2 17 10 
2 10 14 
2 8 15 
2 0 18 
2 3 15 
2 19 13 
2 1 13 
2 3 13 
2 7 8 
2 16 14 
2 19 12 
2 1 19 
2 12 14 
2 3 12 
2 5 13 
2 16 6 
2 16 1 
2 12 14 
2 4 12 
2 17 14 
2 3 6 
2 17 10 
2 13 15 
2 3 15 
2 2 19 
2 11 14 
2 17 14 
2 1 11 
2 17 11 
2 17 18 
2 11 12 
2 1 5 
2 18 4 
2 17 2 
2 16 4 
2 7 11 
2 8 9 
2 1 15 
2 3 13 
2 10 13 
2 8 13 
2 2 15 
2 17 11 
2 3 5 
2 2 18 
2 17 4 
2 0 15 
2 7 9 
2 5 9 
2 6 7 
2 1 12 
2 6 14 
2 19 13 
2 8 15 
2 10 11 
2 3 5 
2 1 6 
2 16 11 
2 1 11 
2 17 12 
2 2 6 
2 1 7 
2 2 13 
2 3 8 
2 4 5 
2 3 15 
2 19 10 
2 3 14 
2 6 15 
2 18 10 
2 18 2 
2 1 12 
2 1 19 
2 0 3 
2 0 10 
2 2 15 
2 0 4 
2 1 19 
2 5 8 
2 18 7 
2 8 15 
2 1 7 
2 6 14 
2 0 2 
2 9 11 
2 1 2 
2 2 10 
2 10 11 
2 7 15 
2 2 14 
2 18 9 
2 17 15 
2 3 13 
2 1 19 
2 16 14 
2 4 8 
