10 23 23 true

7 18 18 16 0 14 4 9 15 0 
13 19 2 8 14 19 17 2 11 4 
7 13 9 17 5 7 15 18 3 0 
9 10 13 0 8 3 2 10 18 18 
15 7 11 7 8 14 12 13 7 13 
14 11 19 15 17 9 7 9 6 17 
1 3 15 5 4 0 10 12 11 0 
3 4 19 7 9 3 11 4 14 7 
11 7 10 0 13 9 4 17 10 8 
16 17 9 6 16 3 17 7 8 9 

2 0 9 
2 1 5 
2 3 6 
2 2 6 
2 2 5 
2 4 5 
2 2 8 
2 0 4 
2 5 8 
2 6 7 
2 3 8 
2 1 9 
2 3 7 
2 6 9 
2 5 8 
2 0 4 
2 1 8 
2 4 9 
2 2 8 
2 2 5 
2 0 3 
2 5 8 
2 2 7 

2 6 8 
2 5 9 
2 0 1 
2 7 9 
2 5 6 
2 2 4 
2 7 9 
2 3 8 
2 5 6 
2 3 9 
2 4 9 
2 0 4 
2 4 7 
2 3 4 
2 4 7 
2 5 7 
2 0 2 
2 4 6 
2 1 3 
2 0 6 
2 2 9 
2 5 8 
2 5 8 
