10 22 22 true

4 16 16 6 12 18 14 2 2 17 
18 8 4 18 15 12 18 12 4 4 
0 15 16 19 17 18 3 17 0 11 
16 15 19 0 19 12 3 18 7 10 
19 15 2 1 11 11 11 9 19 10 
3 7 16 16 16 11 4 6 12 12 
13 13 13 11 17 7 0 3 17 3 
17 0 14 0 3 2 2 8 6 13 
12 0 19 0 13 2 7 4 7 19 
15 8 9 2 7 0 14 18 7 10 

2 1 6 
2 3 8 
2 2 4 
2 2 4 
2 3 9 
2 0 8 
2 0 4 
2 4 9 
2 3 8 
2 6 9 
2 3 6 
2 3 7 
2 1 8 
2 6 9 
2 0 6 
2 1 7 
2 0 9 
2 6 7 
2 5 8 
2 4 5 
2 3 7 
2 2 7 

2 1 7 
2 1 8 
2 1 5 
2 2 4 
2 3 4 
2 2 8 
2 1 4 
2 1 6 
2 3 9 
2 0 4 
2 6 9 
2 3 4 
2 1 2 
2 0 6 
2 2 5 
2 3 8 
2 2 7 
2 0 7 
2 2 6 
2 2 5 
2 2 3 
2 4 6 
