10 36 36 true

19 19 2 8 9 6 3 9 12 15 
9 3 18 12 1 9 19 16 6 7 
11 8 12 16 11 2 4 12 14 17 
1 7 8 17 1 1 9 6 2 7 
9 3 13 19 10 10 8 9 9 17 
19 9 8 1 2 12 13 19 16 19 
16 2 10 3 18 3 13 8 12 7 
12 0 10 2 2 18 18 12 4 11 
4 17 18 5 6 19 15 0 19 12 
6 4 5 3 18 7 5 14 0 8 

2 7 9 
2 0 6 
2 3 4 
2 2 9 
2 0 1 
2 3 5 
2 1 6 
2 0 7 
2 5 6 
2 1 2 
2 2 7 
2 0 7 
2 7 9 
2 4 6 
2 2 7 
2 7 8 
2 5 8 
2 5 7 
2 1 7 
2 1 3 
2 0 9 
2 6 7 
2 0 2 
2 0 2 
2 8 9 
2 4 6 
2 2 6 
2 3 5 
2 3 6 
2 0 9 
2 0 4 
2 1 2 
2 0 1 
2 1 4 
2 2 3 
2 4 9 

2 2 3 
2 0 8 
2 0 7 
2 5 8 
2 0 4 
2 5 9 
2 0 3 
2 2 6 
2 0 5 
2 2 9 
2 5 7 
2 5 6 
2 5 9 
2 0 5 
2 4 7 
2 5 9 
2 1 8 
2 7 8 
2 0 6 
2 0 3 
2 5 9 
2 6 8 
2 2 3 
2 2 3 
2 5 8 
2 0 8 
2 0 9 
2 3 8 
2 1 9 
2 1 5 
2 2 4 
2 0 6 
2 2 9 
2 3 5 
2 2 8 
2 2 3 
