9 32 32 true

14 15 5 6 15 8 1 10 15 
8 3 6 10 5 17 3 19 9 
14 16 3 18 16 18 11 17 5 
11 16 4 3 16 8 14 18 6 
11 2 12 5 13 8 4 7 11 
10 10 16 5 19 10 4 4 17 
5 3 2 4 1 3 2 2 8 
11 14 13 5 6 19 8 4 12 
17 0 0 16 10 18 13 15 3 

2 4 7 
2 1 6 
2 4 5 
2 6 7 
2 1 3 
2 1 5 
2 2 3 
2 3 7 
2 3 5 
2 3 6 
2 0 5 
2 6 7 
2 5 8 
2 2 5 
2 7 8 
2 5 8 
2 3 8 
2 0 6 
2 2 7 
2 3 8 
2 5 7 
2 2 8 
2 0 2 
2 1 4 
2 4 6 
2 3 7 
2 4 7 
2 0 6 
2 2 5 
2 1 7 
2 0 3 
2 1 5 

2 4 8 
2 1 2 
2 1 6 
2 0 6 
2 3 8 
2 2 5 
2 5 8 
2 1 3 
2 0 8 
2 0 1 
2 0 1 
2 2 8 
2 4 8 
2 2 5 
2 4 7 
2 5 8 
2 4 7 
2 3 7 
2 0 2 
2 3 6 
2 1 4 
2 0 6 
2 1 2 
2 2 8 
2 3 6 
2 4 6 
2 4 6 
2 4 6 
2 3 5 
2 3 8 
2 4 7 
2 4 8 
