9 32 32 true

13 13 4 12 10 17 14 11 16 
18 6 13 3 13 18 0 5 9 
6 14 19 4 17 2 19 5 18 
15 14 7 3 15 19 0 2 12 
13 8 7 9 9 18 11 19 17 
4 6 15 10 10 6 6 16 17 
2 19 14 15 5 5 2 6 15 
4 6 8 10 18 4 5 8 8 
4 15 6 17 5 4 2 16 10 

2 3 7 
2 2 3 
2 6 7 
2 1 2 
2 2 6 
2 1 2 
2 3 4 
2 3 5 
2 5 6 
2 5 7 
2 1 5 
2 1 5 
2 2 5 
2 2 4 
2 3 7 
2 1 3 
2 0 5 
2 6 7 
2 2 6 
2 4 7 
2 0 6 
2 6 8 
2 4 8 
2 0 5 
2 0 3 
2 1 4 
2 2 4 
2 6 8 
2 2 5 
2 3 7 
2 5 8 
2 3 7 

2 0 5 
2 3 8 
2 3 7 
2 0 3 
2 3 7 
2 1 3 
2 0 4 
2 5 6 
2 3 5 
2 1 8 
2 0 2 
2 4 8 
2 0 2 
2 1 4 
2 0 2 
2 1 5 
2 2 3 
2 0 5 
2 6 7 
2 7 8 
2 2 6 
2 6 8 
2 2 3 
2 5 7 
2 1 4 
2 1 8 
2 0 8 
2 2 3 
2 0 1 
2 1 5 
2 5 7 
2 0 8 
