20 108 108 true

11 4 6 8 9 7 19 1 3 17 18 18 19 5 10 2 16 10 7 5 
10 19 11 4 4 9 16 9 2 15 11 6 14 9 0 6 7 0 18 0 
5 15 4 9 10 4 18 13 19 6 2 19 19 0 16 3 17 17 12 8 
19 13 2 8 14 8 19 11 18 16 5 17 19 7 17 16 13 15 0 2 
17 11 2 6 3 4 10 4 5 1 4 3 9 3 10 3 13 1 10 11 
9 5 3 4 10 16 16 3 4 12 18 12 18 18 11 16 19 7 5 17 
6 14 10 2 17 9 13 9 11 2 17 11 12 10 6 19 13 19 18 0 
0 2 1 0 10 2 12 19 18 12 11 18 16 2 18 0 0 18 10 16 
5 5 6 13 19 12 18 11 10 5 5 11 15 17 19 3 0 16 2 12 
14 13 9 1 11 0 3 18 14 16 0 12 5 17 9 1 14 11 9 14 
18 11 3 19 9 6 9 14 0 5 18 5 19 4 10 19 17 0 18 15 
17 3 14 8 1 14 13 8 17 6 3 14 18 11 3 17 13 7 15 8 
9 19 5 8 0 6 2 17 7 9 17 5 8 8 12 13 0 9 0 7 
18 2 12 14 15 6 12 12 3 18 18 17 1 8 6 15 17 0 6 15 
7 16 0 10 5 18 17 19 0 19 8 2 17 15 2 12 9 12 11 5 
9 13 4 11 6 4 13 13 5 5 9 2 7 14 18 18 19 11 12 19 
5 5 7 15 6 12 16 5 2 17 17 0 8 14 0 11 3 5 4 15 
15 5 10 17 18 9 2 0 18 1 1 5 19 11 3 10 0 3 19 19 
13 19 13 8 12 2 13 6 2 9 3 19 3 6 1 4 8 11 3 17 
1 7 7 8 2 9 8 6 15 2 17 0 9 4 7 6 14 7 9 3 

2 18 3 
2 16 4 
2 6 12 
2 11 12 
2 2 15 
2 16 5 
2 1 2 
2 2 19 
2 16 0 
2 6 11 
2 17 7 
2 9 14 
2 10 15 
2 6 13 
2 14 15 
2 8 12 
2 17 4 
2 16 15 
2 16 15 
2 3 9 
2 1 6 
2 4 8 
2 7 12 
2 18 3 
2 3 15 
2 18 5 
2 1 8 
2 16 3 
2 17 14 
2 0 11 
2 17 7 
2 17 15 
2 7 10 
2 19 9 
2 6 10 
2 16 3 
2 6 8 
2 0 15 
2 7 11 
2 8 12 
2 0 8 
2 4 11 
2 8 14 
2 12 13 
2 7 10 
2 16 4 
2 2 8 
2 4 7 
2 8 14 
2 18 19 
2 18 12 
2 3 10 
2 7 15 
2 0 12 
2 11 14 
2 6 12 
2 7 10 
2 6 11 
2 3 14 
2 5 10 
2 19 15 
2 10 14 
2 8 11 
2 17 2 
2 5 12 
2 6 14 
2 17 1 
2 0 12 
2 4 13 
2 7 13 
2 18 8 
2 16 3 
2 1 4 
2 16 1 
2 2 14 
2 8 11 
2 5 7 
2 3 8 
2 4 7 
2 6 7 
2 17 2 
2 1 9 
2 17 9 
2 12 15 
2 6 13 
2 6 12 
2 0 13 
2 16 4 
2 19 9 
2 7 12 
2 6 14 
2 18 2 
2 0 18 
2 5 12 
2 16 7 
2 16 4 
2 4 15 
2 19 12 
2 6 9 
2 0 17 
2 16 7 
2 7 13 
2 1 18 
2 9 11 
2 19 10 
2 5 14 
2 17 3 
2 8 14 

2 3 7 
2 9 14 
2 19 4 
2 18 12 
2 18 11 
2 8 13 
2 12 13 
2 17 14 
2 12 14 
2 5 7 
2 19 7 
2 5 13 
2 2 5 
2 16 8 
2 19 14 
2 17 8 
2 19 15 
2 16 6 
2 16 17 
2 19 15 
2 5 7 
2 19 14 
2 19 14 
2 19 13 
2 18 14 
2 1 7 
2 16 18 
2 6 15 
2 1 8 
2 16 4 
2 17 8 
2 6 13 
2 2 3 
2 16 12 
2 5 7 
2 19 12 
2 2 5 
2 1 15 
2 13 14 
2 19 4 
2 2 6 
2 17 19 
2 18 19 
2 0 10 
2 11 13 
2 14 15 
2 3 11 
2 13 14 
2 7 12 
2 0 9 
2 16 2 
2 17 9 
2 11 12 
2 8 12 
2 0 12 
2 3 13 
2 3 10 
2 1 7 
2 19 8 
2 17 19 
2 17 9 
2 6 15 
2 17 2 
2 18 8 
2 2 5 
2 17 8 
2 1 3 
2 10 11 
2 1 4 
2 4 12 
2 6 9 
2 16 8 
2 17 13 
2 8 11 
2 3 14 
2 3 13 
2 0 15 
2 9 10 
2 19 13 
2 3 12 
2 16 2 
2 2 6 
2 2 13 
2 1 19 
2 2 4 
2 0 3 
2 4 10 
2 17 19 
2 17 13 
2 4 13 
2 0 8 
2 19 14 
2 4 15 
2 17 18 
2 18 7 
2 1 18 
2 7 10 
2 3 6 
2 18 11 
2 12 15 
2 0 4 
2 3 10 
2 2 10 
2 0 17 
2 8 15 
2 7 12 
2 9 15 
2 19 14 
