20 165 165 true

14 13 10 7 18 17 0 12 13 1 9 19 4 9 4 9 17 8 16 8 
11 1 1 9 3 0 15 1 7 7 13 11 8 7 1 5 8 17 14 5 
11 3 12 4 0 13 17 14 0 8 5 9 14 19 0 16 5 6 13 19 
15 9 2 3 12 11 6 3 3 11 14 14 16 13 12 10 1 13 14 11 
2 12 0 0 17 16 13 5 9 6 1 18 3 19 3 6 11 3 1 6 
0 17 7 6 11 1 2 7 1 4 9 14 1 15 13 3 11 5 8 16 
13 18 16 12 18 5 8 19 3 18 18 9 8 1 1 13 11 17 1 4 
0 17 17 1 10 10 16 7 12 3 8 7 11 3 7 11 16 7 16 11 
5 6 17 12 9 9 13 14 16 2 7 8 1 0 0 14 16 17 3 16 
5 15 10 12 7 4 16 19 5 17 10 4 0 7 17 14 4 12 3 14 
16 9 5 13 4 7 19 4 11 16 16 14 6 15 1 10 16 11 15 15 
15 12 8 17 3 5 8 7 2 12 0 2 19 16 7 15 12 2 11 18 
13 15 10 2 14 0 17 1 0 4 12 2 17 6 6 1 1 12 10 4 
8 8 8 3 15 3 6 15 19 18 19 1 4 4 8 3 10 12 19 1 
17 6 16 8 7 17 1 8 15 13 10 8 10 18 2 10 12 3 4 1 
18 6 12 10 1 15 2 17 10 11 15 17 1 15 0 13 0 19 7 10 
16 0 1 4 6 7 0 8 6 5 7 14 1 7 4 12 19 15 3 7 
0 5 7 19 8 19 3 14 5 2 10 10 2 15 8 4 8 8 7 15 
7 1 4 13 2 6 9 8 15 1 10 15 3 8 12 6 15 13 6 8 
17 9 3 17 2 16 10 7 19 19 6 17 6 17 14 3 19 13 11 18 

2 0 17 
2 0 15 
2 1 13 
2 16 14 
2 17 18 
2 17 4 
2 2 6 
2 1 8 
2 18 4 
2 16 15 
2 5 12 
2 16 12 
2 0 15 
2 9 14 
2 7 10 
2 1 2 
2 18 15 
2 0 8 
2 18 8 
2 5 12 
2 16 18 
2 8 12 
2 2 10 
2 17 18 
2 1 14 
2 10 14 
2 12 14 
2 3 6 
2 7 11 
2 0 17 
2 5 7 
2 6 15 
2 16 12 
2 0 5 
2 12 14 
2 3 6 
2 8 14 
2 4 13 
2 19 5 
2 8 9 
2 18 6 
2 1 7 
2 16 10 
2 1 11 
2 3 14 
2 5 7 
2 17 3 
2 16 18 
2 17 5 
2 5 11 
2 9 12 
2 0 1 
2 5 8 
2 2 15 
2 4 14 
2 17 13 
2 2 6 
2 9 10 
2 16 2 
2 17 19 
2 16 9 
2 10 14 
2 19 4 
2 5 13 
2 19 7 
2 7 11 
2 6 11 
2 10 11 
2 0 18 
2 10 14 
2 7 15 
2 0 13 
2 16 17 
2 7 13 
2 0 1 
2 1 6 
2 3 11 
2 1 4 
2 7 15 
2 16 7 
2 7 12 
2 0 18 
2 11 14 
2 8 11 
2 12 13 
2 17 7 
2 16 9 
2 5 6 
2 1 4 
2 19 10 
2 16 5 
2 4 8 
2 2 8 
2 3 4 
2 16 7 
2 7 11 
2 19 13 
2 0 8 
2 16 14 
2 6 15 
2 1 6 
2 6 13 
2 14 15 
2 16 5 
2 4 9 
2 16 14 
2 17 4 
2 3 5 
2 19 15 
2 18 4 
2 16 3 
2 7 14 
2 17 1 
2 18 15 
2 4 8 
2 1 3 
2 3 9 
2 12 15 
2 19 13 
2 4 13 
2 5 15 
2 7 10 
2 1 6 
2 16 18 
2 8 13 
2 4 6 
2 16 17 
2 19 6 
2 8 15 
2 18 8 
2 11 13 
2 8 9 
2 12 15 
2 10 14 
2 19 11 
2 19 13 
2 3 12 
2 3 8 
2 7 13 
2 2 4 
2 19 13 
2 2 19 
2 17 1 
2 19 7 
2 0 19 
2 18 4 
2 19 9 
2 2 12 
2 1 15 
2 3 6 
2 17 15 
2 6 13 
2 19 10 
2 7 15 
2 3 13 
2 17 4 
2 9 13 
2 9 15 
2 2 19 
2 4 7 
2 1 6 
2 2 10 
2 19 13 
2 4 8 
2 1 9 

2 2 3 
2 4 7 
2 1 8 
2 4 12 
2 18 19 
2 16 3 
2 17 6 
2 11 13 
2 1 9 
2 19 5 
2 18 6 
2 2 9 
2 5 13 
2 16 8 
2 17 10 
2 0 6 
2 17 9 
2 16 4 
2 16 2 
2 4 9 
2 17 12 
2 1 11 
2 16 15 
2 17 8 
2 0 9 
2 9 10 
2 17 4 
2 18 7 
2 0 11 
2 19 12 
2 7 8 
2 1 8 
2 16 9 
2 0 17 
2 11 14 
2 5 15 
2 17 3 
2 3 11 
2 3 5 
2 18 10 
2 8 10 
2 3 8 
2 1 15 
2 7 13 
2 19 7 
2 3 11 
2 8 15 
2 3 7 
2 18 12 
2 19 5 
2 1 4 
2 3 9 
2 1 7 
2 2 14 
2 19 11 
2 18 19 
2 4 10 
2 17 19 
2 8 10 
2 19 13 
2 6 15 
2 5 15 
2 1 2 
2 18 12 
2 17 6 
2 0 19 
2 0 1 
2 12 13 
2 18 10 
2 7 9 
2 19 4 
2 3 15 
2 2 13 
2 7 14 
2 0 7 
2 1 13 
2 8 9 
2 11 13 
2 17 2 
2 4 12 
2 8 14 
2 5 9 
2 17 13 
2 2 13 
2 5 12 
2 16 6 
2 4 8 
2 1 17 
2 1 9 
2 14 15 
2 10 11 
2 1 5 
2 4 13 
2 18 9 
2 0 12 
2 17 15 
2 0 13 
2 8 14 
2 7 15 
2 3 4 
2 19 10 
2 6 8 
2 2 6 
2 6 9 
2 1 10 
2 17 6 
2 19 15 
2 4 14 
2 17 10 
2 19 9 
2 16 9 
2 3 12 
2 18 2 
2 17 2 
2 10 15 
2 18 14 
2 6 14 
2 1 8 
2 12 14 
2 2 13 
2 5 10 
2 0 4 
2 4 10 
2 18 8 
2 17 11 
2 1 14 
2 6 13 
2 17 8 
2 6 8 
2 9 12 
2 0 9 
2 16 10 
2 11 13 
2 1 19 
2 19 6 
2 16 15 
2 2 6 
2 0 18 
2 16 1 
2 1 11 
2 6 8 
2 17 2 
2 5 9 
2 4 5 
2 19 10 
2 1 13 
2 2 3 
2 18 8 
2 4 8 
2 1 10 
2 18 11 
2 0 8 
2 10 14 
2 2 14 
2 5 13 
2 3 15 
2 6 11 
2 5 11 
2 19 4 
2 17 12 
2 4 7 
2 17 15 
2 16 3 
2 5 14 
2 16 18 
