10 37 37 true

6 1 5 6 18 6 10 8 11 2 
16 14 10 5 5 13 7 11 1 0 
2 1 0 0 6 10 5 15 19 17 
7 8 0 10 13 11 7 12 10 1 
16 7 9 12 18 7 19 15 10 6 
3 1 1 18 17 6 0 5 0 6 
12 11 4 2 18 9 12 6 6 10 
17 8 7 15 1 8 19 9 10 0 
13 10 2 12 0 4 8 19 17 12 
19 2 6 1 18 9 11 14 6 6 

2 6 8 
2 4 7 
2 1 6 
2 1 3 
2 0 3 
2 5 7 
2 0 4 
2 4 7 
2 1 9 
2 1 5 
2 6 9 
2 2 6 
2 0 1 
2 6 9 
2 3 4 
2 2 4 
2 0 3 
2 2 8 
2 1 5 
2 3 7 
2 0 3 
2 0 8 
2 1 6 
2 1 6 
2 6 7 
2 6 8 
2 2 9 
2 2 9 
2 0 4 
2 5 8 
2 3 9 
2 0 3 
2 5 7 
2 8 9 
2 4 9 
2 3 5 
2 1 7 

2 4 7 
2 0 4 
2 5 9 
2 7 9 
2 3 6 
2 0 8 
2 6 8 
2 0 8 
2 6 7 
2 0 1 
2 0 9 
2 4 8 
2 4 6 
2 4 6 
2 0 5 
2 4 5 
2 0 5 
2 0 8 
2 3 6 
2 5 9 
2 4 7 
2 5 6 
2 1 6 
2 3 9 
2 1 4 
2 7 8 
2 5 6 
2 5 6 
2 0 5 
2 1 9 
2 1 2 
2 2 7 
2 1 4 
2 0 9 
2 1 6 
2 2 5 
2 2 9 
