20 53 53 true

14 1 11 2 15 6 5 3 16 14 2 5 5 11 0 15 0 13 3 2 
5 15 11 5 14 10 17 5 5 5 5 3 19 11 3 17 12 12 15 7 
10 10 17 6 17 4 6 4 4 7 3 19 10 11 14 2 4 18 5 2 
8 0 18 4 10 0 3 5 0 17 12 2 5 8 16 19 4 18 6 9 
7 13 2 9 18 5 14 1 15 2 12 7 0 7 1 13 15 6 3 16 
18 6 2 12 1 6 1 2 18 10 4 2 7 17 18 19 8 13 14 5 
0 14 8 0 3 16 19 14 15 13 16 0 15 6 9 15 16 13 8 9 
16 19 19 16 10 8 0 2 19 15 17 19 11 11 14 2 2 12 15 18 
12 14 15 14 5 11 15 16 7 18 8 7 13 12 15 6 7 4 6 18 
12 12 8 13 12 13 1 6 15 5 0 15 15 1 3 3 3 9 13 10 
16 1 5 12 10 3 17 10 4 8 14 13 17 8 10 19 2 15 8 6 
19 13 6 13 3 19 13 18 11 12 4 8 2 4 8 3 1 4 12 4 
14 11 4 19 5 16 18 1 4 10 8 3 4 10 1 8 0 0 7 0 
15 4 18 7 10 0 2 8 9 5 10 7 15 7 7 2 17 18 16 2 
9 17 11 16 3 3 15 18 6 13 8 19 18 3 1 10 12 19 11 7 
14 17 8 11 17 7 12 11 8 8 19 15 14 8 6 10 16 19 0 3 
10 9 12 5 5 15 3 7 10 1 4 12 6 0 16 19 17 1 16 15 
15 8 3 11 0 1 6 2 12 13 10 6 2 8 7 12 0 9 7 11 
4 10 0 7 9 3 15 10 16 8 9 3 16 11 17 19 10 1 10 19 
14 4 8 15 6 2 9 16 18 15 11 13 19 13 15 2 19 10 12 13 

2 16 1 
2 16 19 
2 4 7 
2 7 11 
2 1 5 
2 7 10 
2 17 3 
2 11 15 
2 6 11 
2 10 11 
2 8 13 
2 2 11 
2 4 6 
2 1 7 
2 2 6 
2 3 10 
2 1 5 
2 7 10 
2 4 15 
2 17 7 
2 2 14 
2 16 18 
2 5 12 
2 16 18 
2 17 19 
2 16 15 
2 18 6 
2 18 12 
2 8 13 
2 17 19 
2 19 8 
2 17 10 
2 18 4 
2 16 18 
2 3 5 
2 1 12 
2 17 3 
2 19 6 
2 3 4 
2 3 19 
2 2 14 
2 7 11 
2 5 13 
2 16 17 
2 19 13 
2 1 12 
2 17 18 
2 11 14 
2 17 5 
2 1 4 
2 17 9 
2 16 1 
2 17 2 

2 0 15 
2 14 15 
2 0 18 
2 7 15 
2 19 6 
2 16 6 
2 19 8 
2 1 2 
2 5 8 
2 18 4 
2 0 11 
2 2 10 
2 16 13 
2 6 7 
2 18 4 
2 16 12 
2 19 14 
2 12 14 
2 19 15 
2 10 11 
2 3 11 
2 19 4 
2 18 3 
2 17 19 
2 4 13 
2 19 6 
2 2 3 
2 1 9 
2 13 14 
2 0 17 
2 5 13 
2 17 2 
2 7 13 
2 5 11 
2 0 9 
2 2 19 
2 3 11 
2 7 8 
2 17 18 
2 1 13 
2 3 5 
2 19 4 
2 11 12 
2 2 5 
2 9 12 
2 7 12 
2 3 4 
2 18 19 
2 6 15 
2 0 7 
2 11 14 
2 8 12 
2 11 15 
