20 163 163 true

3 5 13 8 11 12 18 7 7 10 19 8 10 10 19 14 14 2 10 12 
7 6 14 19 15 2 11 10 3 4 0 14 7 7 18 9 11 6 1 16 
4 11 7 19 7 18 17 17 4 19 19 1 14 3 0 14 10 8 7 17 
12 19 10 8 0 14 12 4 12 14 8 5 10 3 1 18 12 10 14 2 
8 1 14 5 10 18 17 16 5 15 6 16 10 17 1 7 3 0 10 11 
1 8 5 12 3 4 9 4 13 10 9 4 10 14 8 1 19 17 17 10 
14 1 0 5 1 8 11 7 14 9 8 10 3 13 8 13 1 9 8 6 
3 7 7 15 13 14 8 1 17 6 0 18 2 0 18 11 12 3 15 19 
0 5 12 18 3 4 14 6 8 18 18 9 11 14 8 2 14 4 17 19 
16 19 14 1 14 11 18 16 12 9 4 19 2 9 18 15 0 6 17 15 
18 17 19 4 2 1 12 19 17 0 16 2 14 12 14 3 14 10 1 5 
17 14 9 18 1 16 1 2 6 0 18 5 0 18 8 13 10 1 13 14 
17 1 8 8 18 9 2 2 10 13 7 2 19 19 9 3 6 4 4 16 
11 15 17 16 8 5 2 11 17 13 3 15 4 3 15 17 0 10 16 14 
17 10 4 17 0 10 9 17 4 11 15 10 5 16 16 4 12 19 16 13 
9 5 17 3 16 16 6 4 19 11 13 14 6 13 13 14 11 12 4 15 
1 10 0 3 6 12 2 7 5 2 6 5 8 11 7 4 6 17 2 13 
19 13 7 16 1 2 8 14 17 2 7 8 14 7 8 13 14 10 18 13 
11 16 1 5 1 13 0 12 1 18 10 13 18 12 18 11 16 4 17 2 
18 13 2 17 0 5 13 18 3 4 0 16 13 16 7 14 12 5 5 1 

2 17 7 
2 17 14 
2 18 6 
2 6 13 
2 17 4 
2 4 10 
2 2 9 
2 0 7 
2 19 8 
2 7 13 
2 1 5 
2 4 7 
2 19 15 
2 3 10 
2 19 14 
2 18 7 
2 3 7 
2 18 11 
2 0 1 
2 1 14 
2 19 7 
2 0 9 
2 3 11 
2 6 7 
2 2 13 
2 16 4 
2 5 7 
2 12 15 
2 6 11 
2 4 9 
2 1 12 
2 2 11 
2 0 2 
2 16 6 
2 5 8 
2 6 11 
2 13 14 
2 11 15 
2 1 5 
2 18 12 
2 11 12 
2 0 13 
2 9 11 
2 5 6 
2 6 12 
2 3 9 
2 4 5 
2 19 12 
2 16 18 
2 9 15 
2 17 10 
2 18 9 
2 1 13 
2 3 6 
2 6 13 
2 16 7 
2 5 11 
2 0 2 
2 19 13 
2 2 3 
2 2 4 
2 17 18 
2 18 9 
2 3 14 
2 19 11 
2 5 9 
2 17 6 
2 8 14 
2 3 14 
2 13 15 
2 12 14 
2 17 11 
2 16 3 
2 1 7 
2 5 15 
2 3 15 
2 17 2 
2 1 4 
2 16 15 
2 19 6 
2 18 3 
2 10 11 
2 18 11 
2 1 10 
2 1 10 
2 10 13 
2 18 8 
2 3 15 
2 13 15 
2 19 15 
2 0 16 
2 17 1 
2 17 11 
2 18 3 
2 0 4 
2 0 8 
2 3 9 
2 3 9 
2 16 17 
2 3 9 
2 3 11 
2 18 13 
2 17 3 
2 19 3 
2 9 11 
2 19 4 
2 0 4 
2 17 7 
2 2 9 
2 17 1 
2 19 9 
2 2 9 
2 17 4 
2 17 7 
2 3 11 
2 1 10 
2 7 10 
2 19 5 
2 16 7 
2 16 9 
2 8 14 
2 16 12 
2 4 7 
2 2 15 
2 17 19 
2 14 15 
2 9 13 
2 6 11 
2 1 2 
2 6 15 
2 5 12 
2 16 7 
2 17 14 
2 18 15 
2 8 10 
2 18 6 
2 16 13 
2 0 2 
2 8 15 
2 1 14 
2 16 0 
2 3 15 
2 4 10 
2 9 13 
2 1 7 
2 13 14 
2 10 14 
2 19 14 
2 8 9 
2 16 14 
2 13 14 
2 16 18 
2 12 15 
2 17 12 
2 0 6 
2 11 15 
2 0 3 
2 16 4 
2 9 15 
2 2 5 
2 8 14 
2 18 2 
2 0 1 

2 19 14 
2 14 15 
2 2 15 
2 19 7 
2 0 5 
2 0 12 
2 19 9 
2 1 11 
2 5 12 
2 2 8 
2 3 11 
2 6 10 
2 1 7 
2 19 15 
2 2 5 
2 3 9 
2 2 12 
2 4 14 
2 3 4 
2 0 3 
2 1 6 
2 2 6 
2 0 6 
2 6 7 
2 4 12 
2 0 6 
2 0 4 
2 16 8 
2 19 14 
2 7 10 
2 19 4 
2 17 19 
2 19 14 
2 5 6 
2 18 19 
2 9 10 
2 6 10 
2 1 7 
2 19 8 
2 19 11 
2 6 13 
2 0 19 
2 16 13 
2 0 7 
2 16 8 
2 17 18 
2 7 15 
2 4 14 
2 4 5 
2 11 15 
2 1 19 
2 11 14 
2 10 14 
2 5 15 
2 16 1 
2 16 15 
2 17 7 
2 18 13 
2 7 15 
2 1 2 
2 10 13 
2 19 13 
2 5 12 
2 16 14 
2 18 8 
2 5 12 
2 5 10 
2 0 7 
2 2 3 
2 7 9 
2 5 9 
2 2 8 
2 6 8 
2 0 14 
2 6 9 
2 7 11 
2 2 14 
2 16 11 
2 19 9 
2 18 12 
2 5 13 
2 16 18 
2 17 2 
2 2 19 
2 0 1 
2 19 15 
2 18 19 
2 0 3 
2 10 12 
2 0 9 
2 1 13 
2 19 11 
2 16 10 
2 13 14 
2 0 14 
2 9 10 
2 18 15 
2 18 19 
2 4 13 
2 5 13 
2 13 15 
2 19 5 
2 19 10 
2 18 19 
2 0 5 
2 19 5 
2 1 11 
2 16 10 
2 17 13 
2 5 11 
2 17 5 
2 19 8 
2 6 15 
2 18 15 
2 17 19 
2 3 6 
2 0 14 
2 4 10 
2 3 8 
2 7 12 
2 13 14 
2 17 1 
2 2 15 
2 19 5 
2 6 12 
2 0 15 
2 17 10 
2 6 12 
2 1 10 
2 7 15 
2 18 4 
2 9 11 
2 11 13 
2 18 2 
2 16 12 
2 18 8 
2 2 8 
2 16 4 
2 3 5 
2 19 12 
2 19 10 
2 18 9 
2 9 11 
2 3 8 
2 19 6 
2 18 2 
2 10 13 
2 3 8 
2 17 18 
2 7 8 
2 18 6 
2 19 3 
2 16 11 
2 7 11 
2 17 15 
2 16 6 
2 4 9 
2 2 12 
2 1 13 
2 5 6 
2 0 2 
2 18 14 
2 7 13 
