10 37 37 true

3 9 3 5 15 18 5 2 18 7 
19 13 5 5 15 5 2 19 8 6 
15 6 3 9 18 7 5 19 10 11 
5 18 18 12 0 19 18 3 6 2 
14 11 5 9 13 13 15 19 7 7 
16 19 14 11 19 7 4 11 13 14 
2 10 0 5 19 13 5 9 1 13 
11 8 0 14 2 7 12 11 15 10 
2 14 10 6 15 10 18 7 12 9 
6 2 17 11 12 12 12 13 10 2 

2 6 7 
2 0 4 
2 6 9 
2 3 8 
2 1 7 
2 0 7 
2 0 8 
2 3 5 
2 6 8 
2 3 7 
2 0 2 
2 4 8 
2 2 9 
2 1 9 
2 2 7 
2 0 4 
2 0 6 
2 0 3 
2 2 4 
2 3 7 
2 3 7 
2 1 5 
2 2 3 
2 0 6 
2 4 9 
2 4 5 
2 3 5 
2 2 4 
2 3 8 
2 1 3 
2 0 2 
2 5 8 
2 2 8 
2 3 4 
2 5 9 
2 1 4 
2 0 8 

2 0 7 
2 3 5 
2 6 7 
2 1 9 
2 2 3 
2 3 7 
2 2 4 
2 0 6 
2 3 6 
2 8 9 
2 1 8 
2 1 3 
2 5 7 
2 3 6 
2 7 9 
2 3 7 
2 0 2 
2 5 9 
2 5 7 
2 2 8 
2 0 6 
2 3 8 
2 4 9 
2 1 4 
2 1 6 
2 7 9 
2 4 7 
2 4 8 
2 1 4 
2 3 4 
2 4 8 
2 7 8 
2 0 5 
2 1 9 
2 4 9 
2 5 9 
2 5 6 
