20 171 171 true

13 19 6 15 8 11 3 13 7 19 0 10 11 18 14 15 8 5 7 19 
1 1 8 9 18 7 11 0 10 2 4 3 13 0 6 2 6 11 18 2 
16 17 10 9 6 3 3 13 9 5 14 7 15 5 7 18 7 12 8 18 
0 19 16 9 10 18 13 4 16 19 3 5 13 8 8 1 12 3 14 1 
17 3 9 14 12 12 10 16 18 8 6 8 13 12 13 18 17 3 5 2 
12 13 7 8 4 4 6 4 2 2 16 8 0 8 8 10 17 16 16 13 
13 18 4 5 14 19 9 19 12 10 10 6 3 10 18 17 2 18 8 19 
4 19 0 10 5 18 9 9 12 2 11 15 1 2 17 15 3 2 11 13 
15 8 5 11 14 10 9 5 10 19 0 13 5 7 18 19 8 12 6 3 
3 9 1 14 14 18 16 15 0 3 2 0 12 17 3 14 15 18 19 11 
4 7 13 9 4 4 8 11 17 3 15 1 13 19 10 16 4 10 12 14 
10 9 17 13 4 5 0 12 4 10 1 7 8 2 2 0 4 6 10 15 
0 4 1 9 7 18 9 0 18 14 16 9 17 0 3 13 14 14 2 2 
10 12 0 3 17 18 0 7 7 11 15 8 19 1 11 5 19 16 19 3 
0 4 9 0 6 15 14 5 7 2 11 17 16 19 13 15 0 18 2 8 
16 0 1 11 1 14 12 12 2 9 2 13 17 13 16 19 17 1 19 8 
13 17 18 10 18 5 13 15 18 10 0 13 9 3 0 15 17 9 17 6 
2 16 9 16 6 17 17 15 8 14 17 11 7 9 8 12 2 15 2 11 
4 10 7 1 5 13 5 5 3 2 11 11 4 15 11 16 18 5 13 19 
10 4 9 5 11 11 5 3 6 7 18 1 16 13 6 2 19 3 5 0 

2 18 3 
2 5 8 
2 16 3 
2 13 15 
2 18 12 
2 16 14 
2 9 13 
2 19 14 
2 19 15 
2 5 11 
2 4 7 
2 4 5 
2 16 8 
2 9 11 
2 2 13 
2 0 15 
2 8 11 
2 8 10 
2 19 14 
2 2 4 
2 18 11 
2 0 19 
2 9 13 
2 18 7 
2 0 18 
2 3 8 
2 1 5 
2 9 13 
2 1 2 
2 17 5 
2 17 6 
2 19 11 
2 5 6 
2 1 12 
2 16 2 
2 3 9 
2 3 4 
2 16 19 
2 4 12 
2 17 13 
2 4 6 
2 0 13 
2 17 1 
2 2 18 
2 3 9 
2 12 13 
2 16 6 
2 16 1 
2 1 15 
2 8 13 
2 4 7 
2 5 13 
2 1 9 
2 8 10 
2 1 4 
2 2 10 
2 1 8 
2 4 13 
2 10 12 
2 17 14 
2 19 11 
2 17 3 
2 6 7 
2 2 12 
2 4 7 
2 0 11 
2 5 13 
2 4 14 
2 2 11 
2 11 15 
2 5 13 
2 3 8 
2 1 15 
2 18 8 
2 16 8 
2 11 14 
2 12 15 
2 9 14 
2 0 7 
2 2 18 
2 17 5 
2 0 6 
2 17 19 
2 7 10 
2 10 14 
2 1 11 
2 16 17 
2 0 17 
2 7 8 
2 8 10 
2 7 15 
2 8 11 
2 12 14 
2 3 4 
2 1 12 
2 1 18 
2 0 10 
2 8 10 
2 19 12 
2 18 5 
2 7 12 
2 8 12 
2 1 14 
2 6 11 
2 7 11 
2 16 17 
2 8 12 
2 18 11 
2 3 5 
2 6 14 
2 16 17 
2 2 6 
2 3 10 
2 0 11 
2 4 8 
2 1 13 
2 0 4 
2 16 0 
2 17 3 
2 2 12 
2 19 9 
2 19 14 
2 1 3 
2 10 14 
2 16 11 
2 16 19 
2 9 15 
2 19 8 
2 7 9 
2 0 17 
2 6 15 
2 2 15 
2 19 12 
2 4 10 
2 2 6 
2 0 5 
2 8 14 
2 3 11 
2 1 8 
2 0 11 
2 6 14 
2 17 11 
2 3 12 
2 3 4 
2 16 3 
2 17 8 
2 1 11 
2 8 11 
2 0 10 
2 3 4 
2 17 8 
2 1 2 
2 16 19 
2 4 12 
2 19 3 
2 9 15 
2 9 11 
2 16 15 
2 16 5 
2 1 4 
2 2 18 
2 6 13 
2 1 14 
2 19 9 
2 17 8 
2 6 12 
2 2 4 
2 8 15 
2 10 15 
2 17 6 
2 16 10 

2 4 12 
2 1 11 
2 0 5 
2 16 7 
2 17 9 
2 2 7 
2 7 14 
2 5 15 
2 4 10 
2 18 8 
2 0 8 
2 5 8 
2 11 13 
2 18 8 
2 16 1 
2 10 11 
2 8 12 
2 7 14 
2 17 8 
2 0 2 
2 0 3 
2 7 10 
2 1 7 
2 2 3 
2 0 18 
2 3 11 
2 19 6 
2 1 15 
2 6 15 
2 2 8 
2 4 7 
2 0 14 
2 10 13 
2 6 15 
2 10 14 
2 19 12 
2 18 2 
2 4 15 
2 11 13 
2 16 6 
2 4 13 
2 9 13 
2 16 8 
2 5 12 
2 16 10 
2 0 3 
2 0 5 
2 0 4 
2 19 4 
2 12 15 
2 6 13 
2 7 9 
2 2 5 
2 0 18 
2 11 13 
2 17 9 
2 17 10 
2 16 8 
2 18 12 
2 9 10 
2 11 12 
2 1 7 
2 0 8 
2 17 3 
2 17 4 
2 17 9 
2 4 10 
2 3 13 
2 0 13 
2 0 2 
2 1 13 
2 1 5 
2 0 19 
2 5 6 
2 0 10 
2 9 11 
2 1 15 
2 16 6 
2 1 18 
2 4 5 
2 5 15 
2 10 11 
2 2 10 
2 19 15 
2 2 9 
2 18 7 
2 4 8 
2 18 9 
2 3 7 
2 2 19 
2 2 4 
2 7 12 
2 3 9 
2 5 11 
2 0 2 
2 5 6 
2 16 6 
2 16 17 
2 18 19 
2 8 11 
2 0 2 
2 10 15 
2 4 8 
2 1 7 
2 0 7 
2 4 8 
2 12 14 
2 7 10 
2 2 15 
2 14 15 
2 3 10 
2 10 11 
2 18 9 
2 10 11 
2 6 14 
2 5 12 
2 17 6 
2 5 9 
2 6 15 
2 7 10 
2 17 2 
2 16 9 
2 19 8 
2 16 5 
2 4 11 
2 0 8 
2 5 15 
2 8 11 
2 4 12 
2 19 15 
2 14 15 
2 19 5 
2 1 19 
2 18 19 
2 18 7 
2 7 14 
2 19 5 
2 2 6 
2 7 12 
2 19 9 
2 12 15 
2 10 15 
2 17 9 
2 18 6 
2 16 4 
2 0 5 
2 1 6 
2 6 9 
2 19 10 
2 5 10 
2 6 12 
2 0 9 
2 4 7 
2 16 14 
2 7 14 
2 18 3 
2 16 12 
2 10 12 
2 17 4 
2 2 8 
2 0 4 
2 7 15 
2 12 13 
2 16 3 
2 11 12 
2 8 14 
2 4 8 
2 19 7 
2 10 11 
2 1 7 
2 16 6 
