10 27 27 true

10 8 8 19 17 3 6 5 13 19 
19 5 11 16 5 4 11 4 12 12 
18 18 9 6 11 9 9 5 12 5 
6 11 3 15 12 9 3 17 7 18 
16 16 18 7 17 16 4 5 15 12 
5 3 5 17 15 5 15 14 19 16 
7 3 14 1 11 8 6 19 5 5 
12 5 19 19 12 0 3 15 13 1 
18 19 10 18 14 10 7 7 5 2 
8 19 2 16 17 19 13 9 9 1 

2 5 8 
2 3 4 
2 3 7 
2 2 5 
2 2 8 
2 2 6 
2 5 7 
2 1 5 
2 2 4 
2 0 5 
2 8 9 
2 3 9 
2 0 5 
2 1 2 
2 6 9 
2 4 9 
2 3 4 
2 0 6 
2 1 6 
2 1 5 
2 3 8 
2 4 7 
2 3 4 
2 2 5 
2 7 9 
2 6 7 
2 3 5 

2 3 6 
2 0 3 
2 3 6 
2 3 4 
2 3 5 
2 0 6 
2 4 6 
2 0 3 
2 2 4 
2 0 2 
2 7 8 
2 0 3 
2 1 8 
2 1 7 
2 1 7 
2 2 3 
2 6 7 
2 7 9 
2 1 6 
2 1 7 
2 7 8 
2 2 8 
2 6 9 
2 2 7 
2 0 9 
2 1 2 
2 0 5 
