20 157 157 true

6 10 7 6 7 10 7 12 5 10 3 12 3 1 18 10 0 10 6 12 
7 19 7 16 19 17 10 2 7 7 0 2 18 3 18 8 16 15 5 18 
1 12 13 5 15 5 6 7 5 18 3 6 4 0 14 7 11 12 12 9 
17 13 7 10 1 1 5 2 4 11 13 1 12 17 16 18 1 14 9 16 
1 1 13 4 18 12 6 4 1 17 5 1 12 6 3 4 4 15 4 12 
13 11 15 0 8 11 7 3 15 0 0 6 6 13 10 6 9 13 2 11 
6 5 5 0 17 7 14 17 3 19 0 9 14 15 19 0 2 1 1 2 
12 6 6 5 16 18 18 12 4 16 13 1 17 2 14 17 0 0 16 18 
11 5 2 1 7 18 13 15 6 3 2 14 9 7 19 1 6 8 1 8 
13 4 3 9 1 11 19 5 17 1 7 8 4 17 10 17 7 13 11 0 
13 11 18 15 5 19 1 8 12 8 3 8 15 5 16 19 10 12 17 7 
4 0 8 19 2 1 17 13 4 7 0 2 10 12 1 11 15 9 14 17 
17 0 3 9 4 1 12 15 15 9 6 19 18 11 1 7 5 9 5 7 
7 4 0 15 9 17 3 5 13 14 1 14 17 4 10 1 4 17 14 8 
8 9 8 15 3 1 0 10 12 3 12 2 12 0 12 7 7 10 9 14 
3 10 0 9 0 15 12 14 7 6 7 15 10 6 11 2 2 15 4 9 
1 2 6 10 12 11 0 12 7 2 7 8 8 1 2 12 16 6 16 13 
19 18 18 12 10 10 17 19 3 19 0 16 15 5 14 16 0 16 17 9 
4 10 8 14 7 10 1 12 13 3 19 2 16 4 17 18 2 15 8 6 
12 14 16 2 0 10 14 10 7 15 8 19 3 7 18 15 19 3 15 2 

2 18 19 
2 9 15 
2 7 11 
2 10 13 
2 6 10 
2 0 12 
2 3 15 
2 3 8 
2 10 15 
2 1 14 
2 8 15 
2 4 14 
2 9 14 
2 2 9 
2 3 14 
2 19 7 
2 1 11 
2 17 2 
2 0 17 
2 3 12 
2 5 13 
2 18 7 
2 4 14 
2 17 8 
2 18 3 
2 18 19 
2 18 9 
2 6 14 
2 6 8 
2 3 10 
2 12 15 
2 0 5 
2 6 8 
2 3 19 
2 2 14 
2 1 12 
2 6 14 
2 16 10 
2 11 14 
2 2 7 
2 11 12 
2 4 14 
2 17 15 
2 3 5 
2 9 15 
2 2 3 
2 1 8 
2 9 15 
2 0 14 
2 4 5 
2 3 7 
2 10 12 
2 17 19 
2 0 3 
2 8 14 
2 1 6 
2 1 3 
2 16 15 
2 16 11 
2 18 3 
2 10 13 
2 7 14 
2 4 9 
2 1 4 
2 3 10 
2 18 13 
2 0 5 
2 1 17 
2 9 11 
2 16 12 
2 16 11 
2 0 9 
2 18 19 
2 8 11 
2 17 10 
2 16 6 
2 7 13 
2 11 14 
2 10 12 
2 0 10 
2 18 12 
2 18 7 
2 2 12 
2 7 10 
2 19 10 
2 11 15 
2 1 2 
2 3 9 
2 0 8 
2 18 15 
2 3 12 
2 2 9 
2 18 8 
2 19 14 
2 2 15 
2 16 5 
2 19 14 
2 4 10 
2 16 2 
2 2 5 
2 0 14 
2 4 5 
2 17 8 
2 9 14 
2 0 15 
2 2 4 
2 0 17 
2 6 8 
2 2 7 
2 17 10 
2 7 8 
2 17 12 
2 2 13 
2 1 10 
2 19 14 
2 6 15 
2 4 10 
2 17 4 
2 5 7 
2 12 15 
2 1 14 
2 5 9 
2 17 14 
2 3 5 
2 0 9 
2 17 1 
2 16 9 
2 18 19 
2 18 6 
2 16 11 
2 11 12 
2 16 1 
2 18 2 
2 13 15 
2 18 3 
2 11 14 
2 8 11 
2 11 12 
2 9 15 
2 4 11 
2 17 1 
2 1 19 
2 10 14 
2 16 14 
2 1 2 
2 7 9 
2 17 10 
2 8 14 
2 4 11 
2 16 6 
2 4 8 
2 2 5 
2 17 11 
2 2 19 
2 3 7 
2 19 13 
2 16 9 

2 4 5 
2 13 15 
2 12 14 
2 2 5 
2 6 14 
2 5 9 
2 0 1 
2 4 6 
2 5 11 
2 0 10 
2 2 4 
2 16 14 
2 2 4 
2 0 9 
2 3 13 
2 7 14 
2 19 15 
2 2 8 
2 18 12 
2 4 10 
2 1 3 
2 0 7 
2 3 10 
2 2 10 
2 6 11 
2 3 8 
2 2 19 
2 19 4 
2 1 19 
2 5 7 
2 3 4 
2 0 11 
2 1 10 
2 4 11 
2 3 4 
2 17 3 
2 6 10 
2 19 5 
2 0 12 
2 6 13 
2 8 11 
2 0 9 
2 17 9 
2 1 19 
2 10 15 
2 19 12 
2 10 12 
2 8 12 
2 6 7 
2 7 15 
2 17 4 
2 0 5 
2 2 9 
2 5 7 
2 8 15 
2 18 14 
2 16 14 
2 16 2 
2 13 14 
2 0 7 
2 18 14 
2 2 7 
2 19 9 
2 18 7 
2 17 3 
2 12 14 
2 4 15 
2 4 11 
2 8 15 
2 2 19 
2 2 12 
2 0 12 
2 12 13 
2 11 15 
2 3 12 
2 8 12 
2 4 8 
2 4 8 
2 19 11 
2 0 12 
2 17 6 
2 2 4 
2 0 4 
2 1 19 
2 4 9 
2 17 8 
2 17 3 
2 11 14 
2 9 15 
2 4 15 
2 1 13 
2 11 12 
2 6 10 
2 4 9 
2 16 13 
2 0 8 
2 18 10 
2 1 5 
2 0 10 
2 1 7 
2 18 12 
2 0 3 
2 19 10 
2 17 15 
2 2 8 
2 4 6 
2 9 13 
2 1 12 
2 1 6 
2 16 5 
2 5 11 
2 6 7 
2 5 9 
2 16 5 
2 19 3 
2 1 12 
2 0 19 
2 0 18 
2 0 6 
2 0 2 
2 7 13 
2 6 13 
2 4 10 
2 1 7 
2 6 10 
2 18 13 
2 17 9 
2 4 11 
2 18 6 
2 8 10 
2 18 3 
2 1 18 
2 10 13 
2 8 14 
2 14 15 
2 2 5 
2 7 11 
2 9 13 
2 8 10 
2 16 9 
2 5 8 
2 2 5 
2 14 15 
2 0 13 
2 16 17 
2 4 7 
2 1 19 
2 5 10 
2 2 12 
2 5 8 
2 10 13 
2 2 4 
2 0 19 
2 3 5 
2 16 17 
2 7 13 
2 19 13 
