20 108 108 true

15 12 6 10 16 7 4 8 9 17 0 12 6 12 11 16 10 8 12 4 
7 15 16 5 12 8 10 16 8 7 4 16 18 13 11 4 8 12 5 1 
18 8 17 6 16 12 6 6 11 11 9 5 4 14 7 11 16 12 13 19 
19 16 9 6 6 10 5 9 4 13 6 17 14 15 17 17 4 19 13 6 
6 3 10 2 8 2 18 11 6 4 17 2 5 11 12 17 4 15 10 16 
12 10 7 11 1 13 4 1 2 6 18 2 16 18 9 5 6 5 10 14 
18 12 11 6 19 5 4 5 15 7 6 1 13 0 0 5 11 1 16 14 
3 14 1 6 1 17 0 4 13 7 11 11 3 2 17 10 17 14 16 1 
19 9 1 7 16 7 9 17 4 19 7 12 11 15 10 13 14 12 9 14 
15 14 11 5 18 14 9 10 19 14 6 9 5 4 5 4 13 17 8 18 
12 7 18 10 5 17 15 3 10 12 8 1 16 1 14 1 17 1 11 6 
14 13 19 16 10 8 19 13 16 11 0 0 10 18 5 9 8 17 12 10 
19 17 12 19 13 16 19 16 10 10 0 10 16 2 18 19 0 15 18 4 
1 2 16 10 18 0 6 13 1 9 3 3 0 12 4 8 8 8 8 12 
13 14 17 17 16 16 12 13 17 14 2 13 11 13 14 3 8 15 6 12 
6 2 3 13 3 0 19 16 4 18 3 13 1 8 10 16 4 9 13 0 
11 19 6 19 17 9 10 0 18 11 11 15 2 12 18 9 13 6 14 12 
7 6 14 3 10 12 15 14 15 13 17 11 9 0 10 6 8 9 8 7 
13 13 11 3 1 10 12 2 1 9 13 12 11 16 4 16 0 3 19 13 
11 5 16 6 18 3 19 18 11 6 8 12 1 19 9 2 9 0 14 9 

2 2 6 
2 19 9 
2 19 10 
2 2 19 
2 16 9 
2 18 6 
2 17 6 
2 1 12 
2 19 9 
2 16 4 
2 7 11 
2 16 8 
2 4 10 
2 6 8 
2 13 14 
2 17 15 
2 16 14 
2 1 2 
2 8 11 
2 11 12 
2 18 13 
2 16 13 
2 11 14 
2 1 17 
2 16 1 
2 18 15 
2 18 11 
2 16 17 
2 1 11 
2 5 11 
2 7 13 
2 19 11 
2 17 19 
2 3 14 
2 18 6 
2 16 4 
2 19 6 
2 11 13 
2 1 14 
2 9 12 
2 16 17 
2 19 5 
2 19 4 
2 12 14 
2 5 12 
2 10 15 
2 18 3 
2 3 6 
2 4 13 
2 0 11 
2 3 9 
2 9 15 
2 1 11 
2 17 5 
2 1 11 
2 5 11 
2 18 3 
2 18 13 
2 10 13 
2 1 13 
2 1 11 
2 16 19 
2 16 11 
2 16 4 
2 18 19 
2 0 3 
2 7 14 
2 16 18 
2 19 10 
2 3 10 
2 0 16 
2 4 11 
2 11 12 
2 8 14 
2 18 6 
2 5 6 
2 0 17 
2 1 2 
2 1 19 
2 6 15 
2 11 13 
2 1 8 
2 18 7 
2 12 15 
2 17 15 
2 8 15 
2 3 12 
2 16 0 
2 2 19 
2 18 13 
2 4 6 
2 2 5 
2 16 0 
2 17 9 
2 1 14 
2 17 3 
2 10 12 
2 18 19 
2 16 14 
2 1 17 
2 5 8 
2 17 9 
2 14 15 
2 16 1 
2 18 7 
2 12 15 
2 2 11 
2 2 10 

2 18 15 
2 8 14 
2 18 11 
2 18 12 
2 19 9 
2 0 17 
2 3 10 
2 8 14 
2 5 6 
2 1 12 
2 2 11 
2 17 5 
2 2 10 
2 7 9 
2 1 11 
2 18 4 
2 3 10 
2 0 13 
2 18 3 
2 17 15 
2 10 13 
2 8 10 
2 17 7 
2 0 11 
2 5 13 
2 19 11 
2 16 9 
2 17 12 
2 0 15 
2 18 4 
2 3 15 
2 7 8 
2 18 4 
2 0 10 
2 0 2 
2 3 11 
2 17 14 
2 11 12 
2 16 6 
2 5 15 
2 1 6 
2 2 4 
2 9 15 
2 2 7 
2 3 9 
2 0 12 
2 1 12 
2 13 15 
2 1 4 
2 0 17 
2 18 13 
2 3 7 
2 0 13 
2 3 10 
2 19 11 
2 18 15 
2 18 5 
2 16 8 
2 18 9 
2 18 7 
2 17 12 
2 0 17 
2 6 10 
2 4 11 
2 9 10 
2 1 2 
2 1 9 
2 17 6 
2 1 3 
2 6 15 
2 17 9 
2 13 14 
2 3 15 
2 19 8 
2 0 19 
2 16 5 
2 18 14 
2 8 13 
2 19 4 
2 3 11 
2 4 15 
2 3 10 
2 2 3 
2 16 5 
2 7 13 
2 2 8 
2 19 5 
2 12 14 
2 4 9 
2 4 13 
2 19 5 
2 3 11 
2 4 14 
2 4 15 
2 8 12 
2 1 3 
2 4 7 
2 2 6 
2 5 8 
2 4 6 
2 18 19 
2 17 6 
2 4 11 
2 3 13 
2 18 8 
2 12 15 
2 18 10 
2 3 7 
