10 39 39 true

1 8 10 16 1 2 16 3 5 16 
19 6 0 6 17 3 10 7 17 10 
7 3 5 18 6 5 6 4 12 6 
4 13 3 4 16 16 7 14 3 8 
17 3 14 18 10 9 12 4 2 8 
13 19 11 8 3 16 3 18 2 17 
14 15 4 6 4 14 4 0 10 18 
15 16 2 7 18 17 12 8 7 14 
10 0 11 7 14 18 7 16 11 8 
2 4 11 0 16 17 8 0 8 11 

2 4 9 
2 0 2 
2 0 7 
2 3 7 
2 0 3 
2 2 8 
2 1 3 
2 1 2 
2 6 9 
2 0 8 
2 3 9 
2 3 5 
2 1 6 
2 2 5 
2 3 7 
2 0 9 
2 4 8 
2 1 3 
2 2 8 
2 3 6 
2 6 7 
2 2 7 
2 2 9 
2 1 5 
2 0 6 
2 0 9 
2 2 4 
2 5 9 
2 4 5 
2 5 6 
2 0 9 
2 5 8 
2 3 9 
2 7 8 
2 5 9 
2 2 4 
2 6 7 
2 5 8 
2 0 8 

2 1 2 
2 3 4 
2 4 9 
2 5 8 
2 2 5 
2 3 4 
2 7 8 
2 8 9 
2 4 8 
2 1 8 
2 4 6 
2 2 3 
2 1 2 
2 3 9 
2 3 8 
2 5 6 
2 3 7 
2 6 9 
2 1 8 
2 0 4 
2 1 7 
2 1 7 
2 0 2 
2 0 2 
2 0 6 
2 2 4 
2 4 7 
2 3 6 
2 5 8 
2 5 7 
2 1 3 
2 1 8 
2 6 9 
2 3 9 
2 0 8 
2 0 2 
2 4 8 
2 0 5 
2 2 8 
