10 37 37 true

14 14 1 0 14 6 7 18 15 11 
11 1 5 17 6 11 5 15 19 4 
10 10 14 7 17 16 9 5 16 15 
11 3 9 7 13 7 16 11 10 4 
12 15 15 10 1 7 6 19 19 0 
7 4 17 14 11 3 15 18 8 7 
5 3 6 12 1 2 2 4 17 11 
19 16 6 13 5 0 14 7 2 17 
16 1 0 18 4 19 0 8 14 3 
4 15 0 1 15 1 10 4 1 16 

2 1 2 
2 5 8 
2 1 2 
2 2 8 
2 4 7 
2 3 5 
2 4 9 
2 6 8 
2 5 6 
2 2 6 
2 4 7 
2 8 9 
2 0 4 
2 8 9 
2 5 9 
2 3 4 
2 1 7 
2 2 8 
2 4 8 
2 5 8 
2 1 8 
2 1 2 
2 2 7 
2 5 7 
2 0 8 
2 2 4 
2 8 9 
2 3 9 
2 4 6 
2 3 5 
2 0 3 
2 3 8 
2 7 9 
2 7 9 
2 6 7 
2 8 9 
2 2 4 

2 8 9 
2 3 5 
2 4 6 
2 0 1 
2 1 7 
2 6 7 
2 1 4 
2 2 4 
2 4 5 
2 0 4 
2 1 9 
2 1 3 
2 2 6 
2 0 7 
2 2 7 
2 6 9 
2 2 6 
2 6 8 
2 3 7 
2 1 2 
2 2 6 
2 0 3 
2 5 9 
2 2 3 
2 0 2 
2 2 8 
2 3 5 
2 3 7 
2 5 6 
2 3 7 
2 5 8 
2 5 6 
2 0 6 
2 1 9 
2 4 9 
2 0 2 
2 1 2 
