10 40 40 true

19 12 16 8 7 10 5 9 9 3 
13 18 4 2 19 17 11 8 8 14 
4 4 14 1 12 6 8 18 6 5 
15 5 9 4 16 16 18 13 0 2 
15 9 6 13 12 13 9 13 15 12 
1 14 17 6 6 16 3 3 3 2 
13 11 10 5 2 7 10 13 16 4 
1 0 0 16 19 16 0 1 19 15 
3 4 3 1 19 12 6 18 12 5 
18 1 1 8 17 18 3 12 4 13 

2 0 5 
2 3 6 
2 6 9 
2 8 9 
2 0 4 
2 1 7 
2 0 5 
2 3 4 
2 1 3 
2 1 9 
2 3 8 
2 2 3 
2 1 9 
2 1 9 
2 4 8 
2 3 4 
2 0 9 
2 1 3 
2 1 6 
2 2 3 
2 0 2 
2 4 5 
2 3 4 
2 2 3 
2 1 5 
2 6 8 
2 2 9 
2 3 5 
2 5 6 
2 2 6 
2 1 4 
2 4 7 
2 0 1 
2 2 3 
2 7 9 
2 1 8 
2 0 6 
2 4 9 
2 3 7 
2 1 5 

2 3 5 
2 1 6 
2 7 8 
2 5 8 
2 5 6 
2 2 5 
2 6 7 
2 6 7 
2 2 3 
2 7 9 
2 2 4 
2 0 4 
2 2 6 
2 2 5 
2 4 8 
2 3 6 
2 3 6 
2 2 3 
2 3 9 
2 2 6 
2 2 3 
2 3 7 
2 2 3 
2 3 7 
2 1 9 
2 4 9 
2 2 7 
2 0 9 
2 1 7 
2 6 8 
2 5 6 
2 2 9 
2 2 4 
2 4 6 
2 3 4 
2 2 7 
2 6 9 
2 0 5 
2 0 9 
2 2 6 
