20 159 159 true

14 15 12 17 8 19 1 2 4 5 9 2 17 17 13 1 15 4 15 17 
16 14 3 8 8 11 19 11 16 15 6 1 11 8 3 15 18 12 0 10 
10 6 19 19 10 2 0 0 1 0 0 10 2 16 18 7 1 17 14 1 
1 3 13 16 12 9 16 11 4 9 7 6 3 4 7 18 10 6 1 19 
11 9 5 0 14 10 10 5 19 12 19 17 17 15 9 8 18 1 11 1 
0 14 11 3 2 2 1 5 6 4 5 2 3 14 18 7 10 16 13 19 
4 0 4 14 12 9 19 17 11 15 11 10 16 18 8 17 1 16 9 12 
6 3 11 10 1 2 17 6 0 0 9 12 14 11 8 14 18 14 14 1 
9 15 8 13 7 10 10 13 13 7 10 8 7 16 18 7 18 14 16 8 
14 6 17 13 17 0 17 18 14 16 18 14 16 9 10 9 8 5 12 3 
9 13 3 14 5 7 10 17 16 14 2 13 12 13 15 11 1 8 15 11 
15 11 6 12 13 16 9 9 0 3 9 18 10 13 10 3 11 5 16 1 
16 0 18 14 15 14 7 14 16 6 6 4 3 10 1 11 14 14 19 10 
4 15 13 10 8 7 10 2 0 6 5 2 9 13 12 6 8 13 9 2 
17 18 12 12 2 4 13 18 15 15 5 12 2 1 2 1 0 12 16 8 
12 10 3 9 18 5 3 11 9 18 17 10 4 7 16 4 14 1 14 10 
19 11 12 4 6 1 10 0 5 18 11 8 14 11 2 2 18 19 3 2 
16 12 13 8 12 16 5 10 4 6 8 4 17 18 13 4 15 0 12 19 
2 15 12 11 8 17 2 19 12 9 10 14 6 17 17 13 9 2 19 5 
14 8 11 6 9 0 1 10 10 11 8 0 3 7 16 12 17 4 8 12 

2 0 12 
2 7 15 
2 3 9 
2 0 18 
2 18 13 
2 2 8 
2 17 2 
2 6 8 
2 2 10 
2 6 13 
2 18 19 
2 0 5 
2 7 10 
2 0 12 
2 3 5 
2 4 14 
2 0 7 
2 17 13 
2 17 11 
2 7 12 
2 18 9 
2 4 5 
2 1 6 
2 1 6 
2 16 19 
2 3 4 
2 16 10 
2 5 7 
2 0 15 
2 8 12 
2 9 11 
2 6 11 
2 2 3 
2 5 11 
2 3 6 
2 0 14 
2 10 11 
2 2 9 
2 0 6 
2 18 5 
2 19 11 
2 0 6 
2 1 12 
2 7 10 
2 1 3 
2 17 10 
2 0 18 
2 6 9 
2 4 10 
2 8 11 
2 18 12 
2 2 5 
2 3 5 
2 0 2 
2 2 6 
2 19 7 
2 9 14 
2 4 5 
2 0 7 
2 16 17 
2 17 3 
2 19 3 
2 3 8 
2 2 5 
2 8 15 
2 0 1 
2 7 8 
2 2 6 
2 2 9 
2 6 10 
2 0 19 
2 19 10 
2 11 15 
2 19 11 
2 18 15 
2 3 5 
2 0 18 
2 18 3 
2 16 18 
2 1 13 
2 2 19 
2 0 1 
2 19 7 
2 16 12 
2 4 9 
2 17 2 
2 2 10 
2 17 6 
2 0 3 
2 19 7 
2 18 15 
2 19 9 
2 0 4 
2 19 13 
2 1 10 
2 2 15 
2 19 3 
2 5 15 
2 19 12 
2 17 9 
2 0 13 
2 18 15 
2 16 13 
2 5 9 
2 2 15 
2 19 10 
2 4 10 
2 17 8 
2 5 12 
2 2 6 
2 11 12 
2 5 6 
2 18 13 
2 2 18 
2 2 11 
2 19 13 
2 5 8 
2 16 9 
2 10 11 
2 5 10 
2 3 13 
2 2 8 
2 8 9 
2 17 6 
2 9 13 
2 17 15 
2 1 13 
2 7 14 
2 7 9 
2 0 16 
2 19 7 
2 2 13 
2 2 10 
2 2 19 
2 7 14 
2 4 12 
2 0 11 
2 18 11 
2 0 15 
2 3 13 
2 1 11 
2 0 14 
2 4 14 
2 2 7 
2 2 5 
2 7 9 
2 4 13 
2 9 11 
2 13 14 
2 3 13 
2 18 12 
2 9 13 
2 1 18 
2 16 3 
2 17 8 
2 19 7 
2 19 8 
2 5 14 
2 16 12 

2 6 10 
2 8 12 
2 4 15 
2 4 15 
2 5 13 
2 4 5 
2 5 12 
2 2 10 
2 17 3 
2 3 7 
2 0 11 
2 16 19 
2 3 11 
2 1 18 
2 13 14 
2 7 15 
2 19 7 
2 2 19 
2 17 1 
2 9 11 
2 16 18 
2 8 9 
2 19 6 
2 3 12 
2 0 12 
2 12 15 
2 17 12 
2 5 8 
2 9 13 
2 18 15 
2 0 6 
2 5 12 
2 4 14 
2 18 4 
2 17 12 
2 17 6 
2 17 13 
2 2 13 
2 18 11 
2 19 11 
2 0 10 
2 19 10 
2 19 7 
2 17 7 
2 6 13 
2 17 8 
2 17 18 
2 3 15 
2 3 9 
2 4 12 
2 5 10 
2 9 12 
2 0 7 
2 8 14 
2 0 13 
2 17 18 
2 18 7 
2 4 10 
2 5 10 
2 16 18 
2 0 15 
2 0 10 
2 14 15 
2 16 4 
2 17 7 
2 12 14 
2 4 12 
2 17 6 
2 11 12 
2 10 15 
2 2 15 
2 3 5 
2 16 9 
2 12 14 
2 17 10 
2 1 7 
2 17 11 
2 3 8 
2 7 15 
2 1 11 
2 0 12 
2 19 4 
2 2 4 
2 3 14 
2 6 8 
2 2 11 
2 12 15 
2 0 19 
2 1 2 
2 0 13 
2 13 15 
2 17 13 
2 16 17 
2 2 19 
2 2 12 
2 3 14 
2 18 15 
2 2 12 
2 2 9 
2 9 14 
2 17 10 
2 7 12 
2 16 9 
2 9 12 
2 19 10 
2 1 11 
2 6 15 
2 4 13 
2 6 10 
2 16 7 
2 2 11 
2 5 11 
2 18 4 
2 4 11 
2 17 12 
2 17 14 
2 5 14 
2 10 12 
2 17 5 
2 5 8 
2 0 2 
2 8 14 
2 2 9 
2 5 6 
2 19 8 
2 5 9 
2 9 11 
2 18 12 
2 17 6 
2 19 7 
2 10 13 
2 0 12 
2 17 7 
2 19 4 
2 16 6 
2 19 12 
2 6 14 
2 1 5 
2 2 10 
2 9 11 
2 13 15 
2 6 7 
2 5 6 
2 9 15 
2 9 13 
2 5 10 
2 16 8 
2 16 2 
2 5 11 
2 0 13 
2 9 13 
2 1 11 
2 0 10 
2 4 11 
2 13 14 
2 8 11 
2 0 1 
2 2 11 
2 10 12 
