10 24 24 true

19 7 9 2 13 14 8 5 17 14 
13 7 1 9 2 18 16 8 19 0 
5 6 5 16 3 13 15 12 3 13 
14 9 0 19 17 10 7 6 19 12 
12 4 4 6 4 11 5 10 0 4 
1 7 4 6 18 1 13 17 8 18 
6 12 3 15 0 11 12 18 16 2 
8 15 9 10 7 6 14 0 10 4 
4 14 7 8 14 10 14 12 5 14 
1 5 17 18 14 1 1 12 6 12 

2 3 5 
2 2 4 
2 0 5 
2 3 7 
2 8 9 
2 5 7 
2 4 9 
2 3 5 
2 7 8 
2 1 3 
2 2 8 
2 0 7 
2 5 9 
2 1 6 
2 5 7 
2 4 9 
2 6 8 
2 0 2 
2 3 4 
2 3 7 
2 1 2 
2 2 6 
2 0 8 
2 2 7 

2 2 8 
2 3 4 
2 7 9 
2 2 8 
2 3 6 
2 7 8 
2 3 5 
2 0 2 
2 2 3 
2 2 8 
2 0 5 
2 3 9 
2 3 4 
2 0 5 
2 1 2 
2 6 8 
2 0 7 
2 1 2 
2 6 7 
2 2 4 
2 4 8 
2 2 5 
2 0 7 
2 6 8 
