20 161 161 true

5 1 7 17 8 9 14 8 13 2 8 12 17 5 6 18 5 11 14 12 
18 19 3 19 7 11 9 19 7 0 4 11 14 11 15 14 15 5 9 17 
6 11 1 2 10 7 2 2 17 11 9 19 11 10 2 19 4 5 4 17 
10 4 4 8 10 14 1 17 17 1 3 0 9 19 8 9 14 4 10 19 
19 0 8 16 19 14 0 1 5 8 19 3 5 11 19 11 7 1 19 14 
19 15 3 10 12 2 9 2 2 9 7 3 14 18 16 7 5 18 18 0 
4 4 13 10 11 11 5 12 19 16 17 17 6 5 5 0 8 18 1 17 
3 15 16 16 14 13 2 17 17 16 9 2 10 9 3 13 5 10 2 8 
18 14 7 4 9 13 15 17 12 12 12 3 12 10 11 12 11 11 7 4 
18 6 5 4 14 8 8 9 16 13 8 13 10 3 4 6 7 19 9 19 
2 7 17 8 8 18 14 18 4 4 10 2 10 0 2 7 7 17 19 15 
0 13 19 10 10 9 8 15 13 7 17 1 18 11 5 10 11 0 14 3 
7 15 13 18 5 17 7 17 9 2 8 12 0 5 10 4 14 7 1 0 
3 15 8 8 15 6 15 17 7 9 16 3 8 18 0 7 7 10 4 1 
13 14 5 15 15 8 0 8 16 6 13 7 8 6 17 18 3 11 19 19 
15 1 7 19 13 14 2 15 15 1 3 8 19 15 10 5 6 4 16 13 
1 2 16 4 1 19 14 4 0 19 10 12 1 17 3 8 10 3 10 2 
13 19 11 18 19 1 15 8 18 2 18 14 11 14 13 8 14 11 15 7 
9 13 6 14 18 15 3 7 9 12 12 9 3 18 9 7 16 15 1 19 
16 12 18 13 13 3 12 19 6 10 3 15 7 18 6 2 0 16 19 3 

2 5 15 
2 0 12 
2 4 7 
2 4 6 
2 9 13 
2 17 18 
2 16 3 
2 2 15 
2 3 10 
2 9 13 
2 11 14 
2 8 15 
2 0 15 
2 1 9 
2 17 14 
2 0 8 
2 0 15 
2 8 10 
2 17 2 
2 0 4 
2 2 10 
2 18 12 
2 18 6 
2 16 11 
2 2 8 
2 2 6 
2 10 12 
2 16 15 
2 0 5 
2 16 4 
2 9 15 
2 0 6 
2 18 13 
2 19 12 
2 16 10 
2 1 15 
2 1 15 
2 2 19 
2 16 3 
2 9 10 
2 12 13 
2 16 7 
2 8 14 
2 2 10 
2 1 17 
2 5 8 
2 0 10 
2 16 1 
2 7 8 
2 7 8 
2 16 6 
2 16 18 
2 17 1 
2 0 9 
2 10 11 
2 0 6 
2 6 8 
2 18 3 
2 16 4 
2 0 8 
2 10 12 
2 9 10 
2 10 13 
2 1 18 
2 0 13 
2 14 15 
2 17 11 
2 18 13 
2 6 13 
2 19 5 
2 1 4 
2 12 14 
2 6 14 
2 16 4 
2 13 15 
2 17 12 
2 17 11 
2 3 7 
2 8 11 
2 17 2 
2 16 15 
2 0 8 
2 10 12 
2 1 9 
2 18 19 
2 6 10 
2 14 15 
2 16 3 
2 1 6 
2 16 1 
2 18 13 
2 0 16 
2 12 13 
2 6 7 
2 3 14 
2 18 2 
2 5 15 
2 3 4 
2 0 18 
2 4 6 
2 3 19 
2 4 15 
2 5 15 
2 7 8 
2 18 10 
2 6 7 
2 18 6 
2 3 13 
2 10 11 
2 0 12 
2 10 14 
2 17 18 
2 2 11 
2 3 7 
2 12 15 
2 0 1 
2 0 5 
2 16 13 
2 18 7 
2 4 6 
2 2 4 
2 16 2 
2 17 4 
2 6 15 
2 9 13 
2 1 12 
2 0 4 
2 10 14 
2 11 15 
2 6 14 
2 9 14 
2 2 19 
2 16 8 
2 1 12 
2 9 14 
2 6 10 
2 1 10 
2 3 19 
2 17 12 
2 19 5 
2 5 6 
2 0 18 
2 7 9 
2 4 5 
2 5 6 
2 1 11 
2 19 3 
2 16 2 
2 2 5 
2 1 19 
2 4 7 
2 0 13 
2 18 9 
2 0 6 
2 16 10 
2 14 15 
2 19 4 
2 0 7 
2 0 1 
2 0 9 
2 16 6 

2 17 2 
2 2 19 
2 18 9 
2 4 9 
2 9 12 
2 17 19 
2 9 12 
2 16 4 
2 7 14 
2 0 15 
2 0 9 
2 0 13 
2 5 8 
2 18 10 
2 19 4 
2 17 13 
2 2 6 
2 17 8 
2 19 8 
2 17 10 
2 8 10 
2 2 5 
2 16 8 
2 0 7 
2 17 7 
2 6 11 
2 1 10 
2 1 2 
2 19 5 
2 1 8 
2 5 15 
2 0 15 
2 17 18 
2 4 6 
2 18 14 
2 2 8 
2 19 13 
2 3 12 
2 3 9 
2 17 18 
2 17 9 
2 19 12 
2 11 12 
2 7 9 
2 12 13 
2 9 12 
2 1 12 
2 19 13 
2 18 11 
2 18 15 
2 17 13 
2 16 1 
2 19 15 
2 11 15 
2 0 15 
2 1 8 
2 3 5 
2 2 12 
2 9 14 
2 1 4 
2 6 7 
2 17 9 
2 16 5 
2 16 3 
2 0 18 
2 19 4 
2 3 7 
2 16 1 
2 1 8 
2 5 13 
2 12 14 
2 11 12 
2 10 15 
2 6 7 
2 16 6 
2 9 10 
2 3 19 
2 2 10 
2 0 15 
2 4 5 
2 17 2 
2 2 11 
2 1 10 
2 17 7 
2 3 4 
2 5 15 
2 0 17 
2 1 13 
2 18 14 
2 5 9 
2 5 11 
2 2 8 
2 18 5 
2 0 14 
2 3 11 
2 8 11 
2 13 14 
2 5 9 
2 18 13 
2 18 13 
2 19 7 
2 1 13 
2 17 4 
2 5 10 
2 1 19 
2 6 12 
2 8 10 
2 0 11 
2 8 13 
2 1 2 
2 6 14 
2 2 3 
2 5 12 
2 10 11 
2 3 9 
2 2 11 
2 1 11 
2 4 12 
2 16 4 
2 19 13 
2 3 12 
2 10 15 
2 3 9 
2 1 5 
2 5 13 
2 1 9 
2 11 14 
2 16 17 
2 17 13 
2 11 13 
2 0 7 
2 17 10 
2 18 11 
2 17 15 
2 17 9 
2 19 15 
2 16 10 
2 5 11 
2 0 13 
2 16 6 
2 3 7 
2 18 3 
2 17 18 
2 19 13 
2 6 15 
2 9 12 
2 1 7 
2 5 15 
2 17 10 
2 3 10 
2 0 2 
2 0 8 
2 8 15 
2 8 11 
2 3 12 
2 8 11 
2 9 13 
2 19 7 
2 5 6 
2 2 9 
2 11 15 
