20 157 157 true

4 8 3 7 19 5 11 18 14 11 6 5 0 7 16 15 15 4 7 1 
3 18 16 8 0 0 2 7 19 2 15 14 4 2 4 1 7 17 0 12 
5 13 4 18 1 17 4 8 0 19 3 12 1 0 19 1 11 7 14 4 
9 19 16 1 0 9 2 3 18 15 0 9 14 9 13 12 4 12 19 8 
10 18 5 4 7 12 9 9 18 3 17 14 6 16 5 8 6 3 16 14 
6 13 12 9 4 7 15 18 0 13 11 11 9 4 11 17 4 4 8 1 
11 8 13 16 6 9 3 11 19 13 7 8 9 0 2 19 5 1 17 2 
8 7 0 6 8 7 1 2 0 13 8 4 14 13 11 8 2 10 15 7 
13 0 15 11 0 12 16 15 4 1 1 17 11 9 19 18 1 13 19 7 
18 3 18 13 8 14 2 5 7 8 13 4 11 14 15 15 0 13 16 12 
8 0 12 2 2 0 13 11 17 10 15 2 18 17 16 16 17 6 17 8 
6 14 12 0 0 19 19 0 18 9 7 18 13 3 19 10 10 5 6 17 
9 7 16 2 13 15 11 0 16 7 8 4 17 6 16 0 14 0 1 17 
14 12 19 18 0 7 5 8 16 5 7 12 2 17 6 4 8 18 13 2 
4 13 0 5 18 14 6 5 2 13 12 8 13 0 5 6 1 7 8 13 
0 12 9 6 17 11 16 5 13 13 18 4 15 1 3 4 18 13 18 10 
13 12 16 19 15 2 5 13 5 13 15 11 19 14 16 3 7 9 15 14 
9 15 3 18 6 9 14 5 8 0 6 0 13 0 18 17 14 3 14 13 
7 9 0 10 10 6 5 12 16 18 0 17 2 16 10 16 18 11 18 4 
5 3 2 15 16 5 17 8 6 15 11 9 9 14 3 5 18 3 5 5 

2 13 14 
2 7 15 
2 1 18 
2 2 8 
2 5 9 
2 1 17 
2 2 14 
2 18 6 
2 18 3 
2 8 15 
2 6 7 
2 3 4 
2 17 6 
2 19 5 
2 0 12 
2 2 4 
2 10 11 
2 4 15 
2 16 7 
2 1 13 
2 17 19 
2 5 10 
2 1 18 
2 4 13 
2 17 4 
2 18 6 
2 16 10 
2 12 13 
2 8 15 
2 12 15 
2 0 11 
2 17 11 
2 6 12 
2 17 11 
2 0 4 
2 4 8 
2 1 7 
2 5 11 
2 1 15 
2 8 15 
2 5 11 
2 16 10 
2 5 12 
2 8 13 
2 2 11 
2 2 4 
2 17 12 
2 9 13 
2 19 9 
2 16 6 
2 4 14 
2 1 9 
2 12 14 
2 4 5 
2 5 7 
2 0 8 
2 4 14 
2 0 3 
2 1 17 
2 2 9 
2 19 13 
2 4 13 
2 16 14 
2 1 10 
2 8 14 
2 6 13 
2 17 12 
2 0 10 
2 6 9 
2 12 14 
2 16 4 
2 2 5 
2 10 11 
2 1 19 
2 1 9 
2 2 10 
2 18 9 
2 6 12 
2 17 8 
2 3 8 
2 5 9 
2 16 15 
2 4 11 
2 0 13 
2 2 6 
2 16 11 
2 16 12 
2 4 11 
2 18 4 
2 3 15 
2 7 8 
2 16 8 
2 6 15 
2 16 5 
2 6 11 
2 19 14 
2 9 11 
2 17 3 
2 1 3 
2 10 12 
2 2 7 
2 0 10 
2 17 13 
2 2 18 
2 4 12 
2 1 18 
2 10 14 
2 8 12 
2 19 5 
2 10 15 
2 1 2 
2 2 9 
2 5 13 
2 11 12 
2 10 13 
2 18 11 
2 2 10 
2 0 5 
2 11 15 
2 17 19 
2 0 12 
2 1 12 
2 8 15 
2 7 12 
2 7 9 
2 17 9 
2 19 8 
2 12 15 
2 18 5 
2 17 14 
2 6 8 
2 2 11 
2 10 12 
2 3 13 
2 9 15 
2 8 12 
2 8 14 
2 19 8 
2 8 10 
2 19 8 
2 2 19 
2 2 14 
2 1 12 
2 18 11 
2 6 9 
2 4 12 
2 12 15 
2 3 19 
2 9 13 
2 3 8 
2 16 17 
2 17 19 
2 7 9 
2 0 9 
2 1 19 
2 16 12 
2 19 10 

2 19 15 
2 18 8 
2 3 15 
2 4 14 
2 8 13 
2 7 13 
2 5 7 
2 6 14 
2 17 10 
2 5 14 
2 5 13 
2 1 17 
2 19 7 
2 2 15 
2 3 13 
2 16 19 
2 14 15 
2 18 19 
2 2 15 
2 6 14 
2 1 2 
2 2 19 
2 19 12 
2 18 19 
2 6 7 
2 12 13 
2 13 14 
2 4 11 
2 18 19 
2 4 6 
2 1 4 
2 5 13 
2 8 13 
2 18 4 
2 16 4 
2 5 15 
2 1 6 
2 5 14 
2 16 0 
2 3 14 
2 0 6 
2 3 5 
2 4 7 
2 2 15 
2 0 19 
2 2 14 
2 1 2 
2 12 14 
2 2 10 
2 19 12 
2 18 11 
2 6 12 
2 18 3 
2 17 3 
2 16 10 
2 0 3 
2 0 17 
2 0 11 
2 17 12 
2 19 7 
2 1 2 
2 17 14 
2 2 7 
2 6 9 
2 10 15 
2 16 15 
2 16 6 
2 19 9 
2 16 14 
2 18 14 
2 3 11 
2 0 2 
2 0 8 
2 18 9 
2 17 7 
2 19 12 
2 3 4 
2 9 11 
2 18 14 
2 4 8 
2 3 11 
2 0 3 
2 16 19 
2 8 15 
2 12 15 
2 2 9 
2 17 12 
2 2 12 
2 10 12 
2 4 13 
2 5 15 
2 2 3 
2 3 14 
2 1 6 
2 7 14 
2 16 13 
2 0 12 
2 17 7 
2 17 7 
2 1 19 
2 1 13 
2 4 9 
2 6 15 
2 2 19 
2 3 9 
2 5 11 
2 5 11 
2 18 13 
2 6 14 
2 1 14 
2 2 7 
2 6 15 
2 1 6 
2 4 12 
2 17 6 
2 2 5 
2 17 4 
2 9 12 
2 5 13 
2 2 8 
2 1 11 
2 7 10 
2 6 12 
2 17 11 
2 16 14 
2 5 12 
2 0 1 
2 2 12 
2 11 12 
2 2 7 
2 3 7 
2 0 10 
2 11 13 
2 1 11 
2 9 15 
2 5 6 
2 0 9 
2 16 11 
2 16 14 
2 7 9 
2 4 8 
2 3 11 
2 3 8 
2 0 14 
2 1 4 
2 0 17 
2 1 9 
2 4 8 
2 16 18 
2 11 12 
2 3 14 
2 5 8 
2 0 5 
2 11 12 
2 5 7 
2 16 7 
2 2 19 
