10 25 25 true

18 4 10 6 7 0 7 9 8 10 
8 2 3 14 9 19 6 0 2 0 
14 17 15 19 17 18 19 14 2 7 
17 19 19 9 0 5 13 4 5 9 
6 15 4 11 12 13 6 18 9 7 
18 2 3 18 9 12 18 13 8 18 
18 1 15 6 16 1 9 8 3 19 
6 11 14 3 10 10 18 2 6 12 
11 7 1 11 11 15 11 12 2 11 
5 16 11 19 18 4 3 2 16 17 

2 2 6 
2 1 6 
2 2 4 
2 4 6 
2 0 7 
2 0 1 
2 0 6 
2 2 7 
2 2 9 
2 0 4 
2 1 8 
2 2 4 
2 2 4 
2 5 9 
2 2 5 
2 1 5 
2 2 6 
2 2 8 
2 0 5 
2 0 9 
2 1 6 
2 0 2 
2 3 6 
2 0 9 
2 1 4 

2 2 3 
2 3 7 
2 7 8 
2 4 6 
2 3 4 
2 0 7 
2 8 9 
2 0 3 
2 4 9 
2 4 5 
2 1 6 
2 1 8 
2 7 9 
2 0 9 
2 4 7 
2 5 8 
2 2 7 
2 0 3 
2 0 3 
2 0 7 
2 5 6 
2 3 9 
2 3 9 
2 1 7 
2 2 7 
