10 36 36 true

15 3 8 17 10 17 7 10 15 19 
11 19 11 8 6 12 6 2 17 16 
6 8 16 9 8 13 4 8 9 18 
9 15 6 4 9 12 1 18 13 14 
9 9 15 11 9 1 4 4 13 12 
2 6 3 11 12 16 17 3 13 17 
9 14 14 11 15 8 17 16 3 2 
17 17 19 5 6 13 7 11 10 18 
8 17 14 7 7 17 18 15 6 12 
1 13 19 2 3 16 17 0 15 13 

2 3 4 
2 5 6 
2 4 9 
2 1 2 
2 3 9 
2 2 3 
2 0 8 
2 1 6 
2 5 8 
2 8 9 
2 6 8 
2 5 7 
2 8 9 
2 0 3 
2 6 8 
2 4 5 
2 4 8 
2 2 3 
2 3 8 
2 0 8 
2 3 9 
2 4 8 
2 2 4 
2 4 7 
2 1 5 
2 0 8 
2 0 7 
2 5 6 
2 0 5 
2 5 9 
2 1 3 
2 0 4 
2 5 6 
2 1 7 
2 0 6 
2 6 8 

2 2 8 
2 4 9 
2 4 5 
2 1 6 
2 2 6 
2 2 6 
2 5 9 
2 4 7 
2 2 3 
2 2 6 
2 6 8 
2 0 7 
2 2 3 
2 4 8 
2 0 2 
2 1 4 
2 0 3 
2 3 9 
2 2 6 
2 0 1 
2 0 2 
2 3 7 
2 7 8 
2 1 7 
2 0 6 
2 6 9 
2 2 7 
2 1 4 
2 0 4 
2 2 4 
2 0 6 
2 2 4 
2 0 9 
2 1 4 
2 2 9 
2 0 9 
