9 30 30 true

6 0 13 1 11 7 0 18 9 
15 12 14 6 0 18 11 3 13 
7 17 5 11 18 1 2 14 2 
12 19 11 11 9 17 18 1 8 
12 2 9 3 16 17 16 17 16 
6 3 1 18 14 14 7 1 18 
8 17 4 12 16 12 12 7 18 
9 1 13 4 14 9 6 10 18 
4 10 7 12 1 12 16 2 3 

2 2 7 
2 0 8 
2 0 4 
2 3 6 
2 4 5 
2 0 6 
2 6 7 
2 1 3 
2 0 8 
2 1 5 
2 2 7 
2 5 6 
2 1 6 
2 5 7 
2 0 5 
2 5 8 
2 1 7 
2 1 8 
2 5 7 
2 0 4 
2 3 6 
2 4 8 
2 1 3 
2 5 8 
2 3 6 
2 0 7 
2 0 8 
2 1 6 
2 3 4 
2 4 8 

2 7 8 
2 1 6 
2 0 8 
2 5 7 
2 5 7 
2 4 7 
2 0 5 
2 0 7 
2 6 7 
2 1 4 
2 0 5 
2 5 7 
2 3 7 
2 0 5 
2 1 4 
2 5 8 
2 1 6 
2 3 8 
2 6 7 
2 2 6 
2 2 7 
2 4 7 
2 0 4 
2 0 4 
2 1 8 
2 1 2 
2 2 6 
2 4 8 
2 4 8 
2 3 5 
