10 24 24 true

10 9 12 9 1 19 11 4 0 18 
14 1 19 15 18 3 7 17 4 16 
11 18 12 0 6 1 1 5 15 1 
13 14 5 5 16 4 17 17 12 7 
5 0 1 12 12 0 19 12 3 17 
11 10 0 5 5 10 3 15 12 16 
3 4 8 12 5 19 9 13 1 2 
3 12 17 13 14 9 9 4 4 12 
1 3 19 5 10 12 0 4 14 4 
3 18 14 5 5 19 2 5 11 9 

2 3 6 
2 0 3 
2 3 5 
2 7 9 
2 0 7 
2 6 9 
2 4 9 
2 2 7 
2 1 5 
2 1 7 
2 3 9 
2 6 9 
2 7 8 
2 1 6 
2 0 5 
2 2 6 
2 0 3 
2 8 9 
2 1 7 
2 2 3 
2 1 2 
2 5 8 
2 4 5 
2 1 5 

2 6 9 
2 3 8 
2 0 2 
2 7 8 
2 4 6 
2 1 7 
2 1 6 
2 3 9 
2 0 2 
2 2 7 
2 0 9 
2 0 6 
2 5 9 
2 7 8 
2 0 9 
2 1 8 
2 5 8 
2 3 5 
2 1 6 
2 8 9 
2 4 8 
2 1 9 
2 3 7 
2 2 5 
