20 159 159 true

11 14 12 17 3 12 10 5 12 18 3 7 18 18 9 12 10 18 8 10 
17 7 17 16 17 4 1 11 13 5 15 9 4 6 13 6 15 7 17 13 
15 15 2 13 16 8 2 16 13 0 6 8 16 6 10 12 16 2 16 5 
8 6 5 8 13 1 18 8 7 2 6 11 17 16 16 11 13 13 8 3 
9 7 12 8 16 12 6 16 11 14 13 10 18 15 19 9 19 9 19 8 
11 10 0 4 14 3 5 7 0 15 10 3 13 4 0 3 4 1 17 16 
10 5 6 3 19 14 5 9 7 5 17 15 18 17 5 4 16 17 13 7 
11 8 17 7 10 3 15 14 7 14 0 9 6 14 13 1 15 8 12 0 
7 11 8 17 6 19 6 5 14 17 6 11 0 19 16 5 19 0 8 0 
2 13 18 12 7 18 2 14 19 13 19 11 16 8 19 1 16 19 8 12 
19 13 3 19 10 0 12 4 1 13 1 18 16 11 10 15 9 2 4 17 
3 4 5 18 0 18 7 6 15 11 4 6 19 12 18 17 0 8 19 17 
16 16 11 9 19 17 3 0 16 0 18 3 4 8 19 8 9 7 19 15 
17 6 17 14 14 0 12 17 19 4 1 17 11 1 15 15 13 11 15 8 
16 13 12 17 9 10 9 6 6 0 5 15 17 10 13 14 15 5 6 6 
3 6 0 2 13 13 0 10 19 5 2 9 14 14 5 3 7 15 14 11 
4 4 11 2 1 7 2 14 14 17 18 13 17 2 7 2 10 3 17 12 
12 6 7 1 3 17 16 3 17 6 4 18 1 14 18 16 0 1 13 6 
2 15 4 17 4 10 1 5 8 7 19 9 17 16 9 10 10 11 0 5 
19 8 10 3 0 10 17 14 19 3 4 17 19 14 1 19 1 7 17 14 

2 2 13 
2 3 6 
2 1 5 
2 5 13 
2 3 11 
2 3 8 
2 9 12 
2 18 10 
2 9 15 
2 1 18 
2 19 3 
2 3 7 
2 3 15 
2 5 6 
2 2 4 
2 7 15 
2 12 15 
2 19 11 
2 7 10 
2 0 1 
2 2 11 
2 3 11 
2 9 12 
2 19 13 
2 11 15 
2 18 13 
2 16 3 
2 4 13 
2 19 14 
2 1 6 
2 4 6 
2 5 7 
2 1 6 
2 13 14 
2 16 9 
2 17 4 
2 17 15 
2 17 13 
2 0 6 
2 0 3 
2 19 14 
2 1 11 
2 2 3 
2 16 11 
2 4 5 
2 4 7 
2 0 6 
2 18 3 
2 6 8 
2 13 15 
2 5 10 
2 19 6 
2 2 7 
2 14 15 
2 2 14 
2 3 13 
2 6 13 
2 0 17 
2 2 3 
2 1 12 
2 1 2 
2 17 2 
2 9 10 
2 1 14 
2 7 9 
2 16 4 
2 4 6 
2 16 10 
2 17 19 
2 7 14 
2 17 19 
2 16 9 
2 1 19 
2 0 6 
2 19 11 
2 6 13 
2 16 10 
2 8 9 
2 16 6 
2 1 4 
2 0 4 
2 3 12 
2 1 14 
2 4 13 
2 4 9 
2 12 15 
2 4 12 
2 3 14 
2 3 6 
2 1 6 
2 19 15 
2 6 14 
2 1 5 
2 7 9 
2 18 8 
2 0 10 
2 7 13 
2 17 6 
2 18 15 
2 5 13 
2 16 15 
2 0 19 
2 1 9 
2 16 3 
2 16 15 
2 16 12 
2 16 13 
2 18 3 
2 1 19 
2 0 9 
2 10 11 
2 4 14 
2 16 15 
2 2 18 
2 16 12 
2 0 19 
2 13 14 
2 2 19 
2 17 6 
2 3 6 
2 8 14 
2 17 2 
2 2 8 
2 6 7 
2 19 11 
2 18 8 
2 8 11 
2 10 13 
2 1 15 
2 0 13 
2 4 10 
2 0 6 
2 19 10 
2 8 12 
2 5 13 
2 18 15 
2 1 13 
2 3 7 
2 2 7 
2 2 5 
2 2 8 
2 4 8 
2 19 12 
2 12 14 
2 17 15 
2 1 9 
2 1 7 
2 2 13 
2 17 7 
2 17 4 
2 0 4 
2 5 13 
2 0 8 
2 5 12 
2 16 17 
2 17 8 
2 13 15 
2 8 9 
2 18 2 

2 16 14 
2 10 13 
2 17 13 
2 13 15 
2 5 12 
2 6 11 
2 16 8 
2 0 7 
2 3 8 
2 6 11 
2 8 10 
2 16 11 
2 10 15 
2 4 15 
2 1 6 
2 16 10 
2 11 13 
2 18 4 
2 17 18 
2 19 15 
2 1 12 
2 4 9 
2 0 11 
2 16 15 
2 5 7 
2 8 12 
2 1 10 
2 3 11 
2 2 14 
2 19 5 
2 16 14 
2 3 8 
2 0 10 
2 18 15 
2 7 11 
2 1 3 
2 18 4 
2 5 15 
2 18 8 
2 17 13 
2 2 8 
2 9 15 
2 17 19 
2 6 13 
2 17 5 
2 16 4 
2 1 2 
2 10 13 
2 9 10 
2 0 11 
2 1 12 
2 1 8 
2 8 10 
2 19 7 
2 2 14 
2 0 7 
2 0 7 
2 4 8 
2 4 15 
2 16 19 
2 18 6 
2 12 13 
2 4 9 
2 5 15 
2 4 14 
2 9 15 
2 1 19 
2 0 4 
2 3 6 
2 19 3 
2 17 4 
2 0 1 
2 6 12 
2 12 14 
2 8 10 
2 6 14 
2 6 8 
2 1 7 
2 0 1 
2 18 14 
2 4 5 
2 5 12 
2 11 15 
2 11 14 
2 1 11 
2 2 6 
2 18 15 
2 6 12 
2 4 11 
2 9 12 
2 7 14 
2 7 10 
2 16 11 
2 2 9 
2 9 13 
2 18 10 
2 1 2 
2 6 9 
2 12 13 
2 2 15 
2 19 6 
2 1 5 
2 4 7 
2 18 5 
2 1 9 
2 2 15 
2 4 5 
2 18 9 
2 16 17 
2 18 13 
2 0 19 
2 0 7 
2 12 14 
2 1 10 
2 0 11 
2 4 9 
2 12 14 
2 16 8 
2 10 13 
2 1 6 
2 16 13 
2 5 12 
2 1 12 
2 17 10 
2 8 9 
2 17 19 
2 18 3 
2 18 13 
2 17 4 
2 7 9 
2 1 10 
2 1 15 
2 19 5 
2 5 9 
2 8 15 
2 5 11 
2 19 3 
2 17 2 
2 2 3 
2 16 8 
2 17 12 
2 2 3 
2 4 11 
2 19 3 
2 17 8 
2 0 14 
2 5 14 
2 10 13 
2 9 10 
2 9 15 
2 0 5 
2 1 18 
2 4 12 
2 17 15 
2 17 11 
2 16 4 
2 8 15 
2 18 6 
2 2 14 
