20 171 171 true

6 19 17 14 5 16 5 5 4 7 4 18 17 13 13 4 3 6 2 9 
14 1 5 2 8 5 18 9 2 8 18 13 3 11 15 19 5 2 10 15 
19 11 6 7 2 7 8 5 12 17 4 3 13 5 16 7 3 11 17 15 
16 5 18 16 1 16 11 18 0 10 6 7 7 2 19 12 8 4 15 5 
8 7 15 7 10 13 15 14 10 18 12 8 2 1 6 18 12 8 11 8 
3 7 1 19 18 7 17 8 10 19 9 7 6 0 2 16 8 19 10 14 
10 1 13 8 7 10 13 5 15 5 14 19 14 13 17 13 14 6 18 10 
16 0 9 5 1 4 15 4 16 0 12 3 5 8 15 13 17 19 12 10 
13 15 19 4 2 6 14 1 5 16 7 10 0 6 18 12 19 15 1 15 
4 18 18 3 12 7 11 16 3 12 6 1 7 16 17 6 7 18 17 3 
12 4 5 5 6 10 0 13 16 18 14 2 17 1 1 0 5 15 0 12 
10 17 1 7 18 0 7 5 18 2 12 6 8 4 7 13 16 12 12 13 
7 9 15 16 14 2 8 0 19 5 5 5 16 11 1 1 6 11 6 5 
11 19 1 5 19 12 11 18 13 8 8 9 7 7 6 11 0 10 17 16 
13 1 3 8 8 12 2 17 14 12 13 4 18 17 11 3 2 16 4 13 
18 5 13 18 18 7 6 10 19 9 17 17 0 9 17 18 8 15 10 0 
17 7 3 3 2 13 0 1 16 8 10 15 2 7 17 15 0 14 13 17 
17 12 16 12 3 7 12 18 10 14 6 19 11 11 18 15 12 7 0 1 
14 12 10 5 9 18 0 3 12 5 5 9 3 2 13 14 12 5 12 7 
3 19 14 10 17 18 16 10 14 3 7 2 17 10 18 7 7 15 4 5 

2 2 6 
2 5 7 
2 17 19 
2 4 15 
2 19 14 
2 4 7 
2 1 11 
2 18 3 
2 10 15 
2 8 10 
2 3 6 
2 5 13 
2 17 7 
2 16 3 
2 3 13 
2 6 8 
2 17 15 
2 14 15 
2 19 10 
2 17 11 
2 0 6 
2 4 9 
2 8 15 
2 18 6 
2 3 9 
2 4 8 
2 11 14 
2 3 7 
2 18 15 
2 0 15 
2 8 12 
2 18 19 
2 18 4 
2 11 14 
2 0 2 
2 5 13 
2 16 8 
2 1 18 
2 7 12 
2 8 12 
2 5 14 
2 11 14 
2 3 7 
2 5 6 
2 0 10 
2 19 15 
2 16 8 
2 19 9 
2 4 15 
2 18 9 
2 4 5 
2 3 11 
2 3 9 
2 9 13 
2 8 14 
2 11 13 
2 2 10 
2 1 3 
2 18 15 
2 16 13 
2 0 7 
2 11 14 
2 4 7 
2 17 18 
2 16 19 
2 16 17 
2 2 6 
2 17 12 
2 7 15 
2 18 9 
2 2 7 
2 3 8 
2 6 7 
2 19 7 
2 2 19 
2 17 10 
2 17 18 
2 2 12 
2 18 11 
2 9 13 
2 2 4 
2 18 7 
2 0 19 
2 18 8 
2 16 13 
2 5 12 
2 16 13 
2 19 8 
2 1 11 
2 2 18 
2 3 19 
2 4 14 
2 16 6 
2 1 5 
2 2 15 
2 19 5 
2 6 13 
2 2 19 
2 18 15 
2 3 4 
2 4 9 
2 18 14 
2 5 8 
2 18 12 
2 1 6 
2 1 15 
2 5 14 
2 1 12 
2 17 13 
2 2 18 
2 1 5 
2 17 13 
2 18 11 
2 16 18 
2 0 18 
2 19 12 
2 2 18 
2 11 15 
2 3 7 
2 0 14 
2 8 15 
2 17 12 
2 0 8 
2 19 6 
2 6 15 
2 7 12 
2 1 9 
2 18 7 
2 19 6 
2 2 12 
2 0 1 
2 17 9 
2 18 11 
2 5 12 
2 1 14 
2 3 9 
2 19 8 
2 1 4 
2 9 13 
2 2 6 
2 0 12 
2 7 11 
2 3 7 
2 1 6 
2 5 6 
2 3 7 
2 18 14 
2 6 10 
2 9 10 
2 1 13 
2 3 11 
2 4 7 
2 8 10 
2 19 11 
2 3 12 
2 2 3 
2 0 3 
2 0 18 
2 18 5 
2 11 13 
2 1 5 
2 4 7 
2 19 13 
2 19 5 
2 16 15 
2 3 7 
2 4 13 
2 1 7 
2 16 3 
2 19 6 
2 0 2 

2 3 5 
2 2 13 
2 16 18 
2 19 15 
2 3 6 
2 19 7 
2 16 10 
2 7 8 
2 17 11 
2 19 4 
2 19 13 
2 8 15 
2 16 8 
2 1 18 
2 6 12 
2 2 8 
2 3 12 
2 19 4 
2 1 19 
2 4 5 
2 17 5 
2 17 9 
2 1 2 
2 19 14 
2 16 2 
2 4 5 
2 16 8 
2 3 19 
2 8 10 
2 19 6 
2 0 3 
2 18 10 
2 1 19 
2 0 18 
2 19 8 
2 0 5 
2 2 3 
2 6 8 
2 19 13 
2 6 15 
2 2 11 
2 0 18 
2 9 12 
2 18 11 
2 18 13 
2 9 15 
2 0 13 
2 2 11 
2 0 1 
2 1 13 
2 1 6 
2 2 5 
2 18 9 
2 4 10 
2 17 10 
2 4 8 
2 10 13 
2 16 10 
2 4 8 
2 3 13 
2 14 15 
2 1 11 
2 2 13 
2 5 9 
2 0 17 
2 17 3 
2 16 6 
2 3 4 
2 16 10 
2 0 14 
2 4 11 
2 6 10 
2 2 12 
2 5 6 
2 6 13 
2 1 9 
2 0 8 
2 18 12 
2 18 15 
2 1 15 
2 2 11 
2 3 14 
2 18 8 
2 4 5 
2 16 3 
2 5 8 
2 4 6 
2 6 12 
2 1 6 
2 1 4 
2 19 13 
2 17 6 
2 9 10 
2 16 15 
2 9 15 
2 2 13 
2 3 9 
2 16 7 
2 0 10 
2 3 11 
2 9 12 
2 1 15 
2 16 10 
2 17 9 
2 7 15 
2 19 6 
2 5 15 
2 3 7 
2 17 15 
2 2 14 
2 1 12 
2 17 3 
2 17 7 
2 0 16 
2 2 10 
2 3 5 
2 5 8 
2 4 7 
2 2 3 
2 9 14 
2 18 2 
2 0 6 
2 0 12 
2 3 12 
2 5 11 
2 0 19 
2 11 14 
2 7 10 
2 8 10 
2 5 14 
2 5 12 
2 1 11 
2 3 14 
2 0 9 
2 17 18 
2 3 7 
2 3 6 
2 3 11 
2 13 14 
2 17 15 
2 3 15 
2 17 12 
2 16 7 
2 0 11 
2 1 3 
2 1 18 
2 9 15 
2 18 12 
2 0 11 
2 19 5 
2 1 5 
2 1 10 
2 17 12 
2 9 13 
2 1 11 
2 1 15 
2 19 13 
2 0 5 
2 19 10 
2 4 5 
2 4 15 
2 1 15 
2 6 9 
2 16 9 
2 19 13 
2 10 14 
2 10 14 
2 10 11 
2 8 12 
2 0 14 
2 2 9 
