20 114 114 true

16 17 19 1 0 2 14 18 5 14 4 15 13 3 5 14 7 18 4 1 
15 11 0 1 15 16 10 2 6 16 17 3 5 9 16 16 10 4 18 5 
8 17 1 4 6 17 13 4 4 8 18 7 8 11 7 4 0 2 19 2 
1 4 18 2 0 2 3 3 5 16 18 3 4 1 17 13 2 7 18 19 
1 1 18 1 6 19 7 19 16 6 8 18 13 9 11 3 9 12 5 0 
8 8 13 3 8 18 10 0 16 11 6 4 17 6 3 6 8 9 15 14 
10 10 16 19 11 15 2 1 18 15 8 12 15 1 18 6 17 6 0 17 
6 1 12 2 17 1 12 0 15 16 2 7 0 0 15 9 16 11 6 19 
2 10 19 9 16 11 19 2 15 12 1 10 8 19 14 18 5 0 3 9 
1 8 9 3 3 19 16 10 7 3 8 1 16 5 7 6 10 3 4 5 
4 5 11 1 6 12 15 4 8 3 15 0 12 8 19 9 5 4 16 17 
12 4 8 6 4 14 10 4 9 14 7 10 2 5 12 2 3 19 3 10 
3 19 6 8 1 6 5 3 19 9 14 18 12 8 14 5 6 5 1 17 
11 1 9 3 6 15 16 8 5 3 12 1 9 0 8 17 7 5 11 1 
9 17 17 4 5 18 0 11 3 8 1 2 8 13 19 9 3 14 8 16 
6 3 8 12 6 6 4 0 2 18 9 1 7 17 16 14 6 5 14 17 
14 5 7 2 8 7 19 15 16 7 4 10 11 0 7 17 3 10 18 11 
9 0 12 16 16 9 7 2 4 17 16 7 6 11 14 12 6 1 18 13 
4 7 17 0 6 17 4 7 19 9 4 19 5 12 9 8 10 19 7 4 
6 1 13 14 3 9 16 14 16 17 8 0 5 11 1 13 2 6 12 9 

2 9 13 
2 9 14 
2 10 14 
2 18 19 
2 18 14 
2 5 11 
2 4 7 
2 1 5 
2 1 19 
2 4 10 
2 17 18 
2 6 8 
2 1 9 
2 1 14 
2 6 8 
2 6 9 
2 19 9 
2 19 14 
2 2 11 
2 2 11 
2 5 12 
2 18 3 
2 9 15 
2 2 11 
2 6 14 
2 5 8 
2 4 7 
2 2 15 
2 17 15 
2 18 12 
2 2 6 
2 5 11 
2 18 6 
2 1 2 
2 0 5 
2 0 10 
2 1 8 
2 0 1 
2 9 12 
2 19 6 
2 0 13 
2 0 4 
2 2 9 
2 2 19 
2 7 8 
2 3 13 
2 4 8 
2 10 11 
2 10 15 
2 18 19 
2 2 14 
2 2 12 
2 19 14 
2 19 6 
2 1 15 
2 19 4 
2 8 11 
2 17 7 
2 18 3 
2 3 14 
2 16 19 
2 19 14 
2 16 1 
2 1 15 
2 7 12 
2 19 3 
2 16 8 
2 9 15 
2 7 9 
2 1 7 
2 1 5 
2 4 6 
2 7 13 
2 4 12 
2 19 6 
2 10 13 
2 3 12 
2 17 9 
2 9 10 
2 11 15 
2 17 13 
2 17 6 
2 16 7 
2 3 12 
2 16 14 
2 18 12 
2 1 19 
2 17 13 
2 19 12 
2 18 11 
2 17 8 
2 17 1 
2 0 3 
2 17 3 
2 1 2 
2 16 0 
2 0 19 
2 0 11 
2 17 4 
2 1 7 
2 17 5 
2 18 14 
2 7 8 
2 9 15 
2 18 7 
2 17 8 
2 0 7 
2 0 7 
2 1 14 
2 18 10 
2 16 12 
2 5 6 
2 11 13 
2 3 7 

2 0 19 
2 3 14 
2 2 5 
2 3 11 
2 5 9 
2 1 12 
2 16 10 
2 9 11 
2 0 1 
2 0 2 
2 17 5 
2 6 9 
2 19 6 
2 9 14 
2 2 15 
2 16 13 
2 5 8 
2 1 9 
2 16 12 
2 8 15 
2 7 10 
2 19 5 
2 16 12 
2 0 8 
2 19 4 
2 12 15 
2 16 6 
2 18 10 
2 12 15 
2 2 10 
2 9 13 
2 0 15 
2 18 5 
2 18 5 
2 3 5 
2 4 8 
2 5 14 
2 6 12 
2 6 11 
2 0 17 
2 17 5 
2 0 2 
2 16 0 
2 17 1 
2 0 19 
2 16 13 
2 3 7 
2 1 3 
2 19 7 
2 16 17 
2 10 12 
2 7 10 
2 6 11 
2 1 9 
2 10 15 
2 12 13 
2 1 6 
2 19 8 
2 16 1 
2 13 15 
2 7 10 
2 8 13 
2 0 6 
2 17 10 
2 7 14 
2 2 8 
2 0 9 
2 0 18 
2 1 14 
2 0 8 
2 17 19 
2 19 12 
2 1 7 
2 7 10 
2 18 9 
2 18 15 
2 3 10 
2 11 14 
2 4 9 
2 8 10 
2 1 19 
2 3 10 
2 3 9 
2 16 2 
2 17 1 
2 16 5 
2 5 14 
2 1 18 
2 0 10 
2 1 4 
2 3 5 
2 17 1 
2 17 13 
2 0 12 
2 0 3 
2 5 10 
2 18 9 
2 19 4 
2 9 13 
2 5 13 
2 13 14 
2 16 9 
2 2 4 
2 6 7 
2 6 15 
2 16 5 
2 4 14 
2 6 8 
2 16 17 
2 7 10 
2 11 15 
2 8 13 
2 9 14 
2 5 12 
