20 161 161 true

14 12 8 18 15 12 19 16 5 13 11 2 17 3 18 6 6 2 10 19 
0 2 10 11 0 7 1 16 14 12 6 18 14 19 10 0 18 1 2 18 
1 11 10 4 6 6 1 14 11 5 16 13 2 9 19 14 0 10 8 12 
19 13 4 7 13 6 1 3 15 7 17 1 13 19 10 0 18 18 13 19 
7 8 2 11 1 4 18 2 10 4 7 11 17 0 5 2 14 19 7 13 
15 4 6 17 5 19 4 8 0 3 13 10 13 17 9 9 14 17 17 10 
16 10 0 16 2 1 19 12 14 7 3 5 15 5 6 16 11 9 2 2 
16 11 0 1 16 0 7 4 5 19 14 4 10 14 10 17 8 6 10 3 
10 11 2 0 12 18 14 8 8 10 17 14 8 5 4 10 10 9 1 4 
9 5 12 16 2 14 9 3 3 15 1 8 9 11 5 5 15 12 3 15 
8 12 1 9 1 3 11 3 3 7 5 9 19 8 11 0 10 12 2 15 
2 7 11 1 2 2 18 6 0 5 0 12 8 13 17 17 16 4 18 6 
7 15 1 10 4 8 18 16 0 17 13 19 2 13 16 4 17 17 13 4 
16 16 15 0 19 0 16 15 16 6 5 2 9 18 18 4 12 12 17 8 
0 12 3 11 16 0 5 7 12 1 5 10 18 0 11 14 1 8 18 5 
12 9 16 3 0 16 13 13 12 15 1 11 18 0 17 13 3 18 13 16 
15 12 2 5 17 13 6 17 16 14 3 0 19 14 11 15 14 11 9 0 
9 17 15 14 9 12 12 18 3 11 5 10 13 19 0 18 13 14 2 17 
19 2 15 2 12 0 2 13 14 5 2 17 8 7 1 2 14 6 3 11 
13 10 7 7 6 1 2 6 3 11 17 7 7 4 8 3 8 15 16 4 

2 1 15 
2 4 13 
2 1 18 
2 0 8 
2 17 13 
2 1 13 
2 16 7 
2 18 19 
2 3 12 
2 16 18 
2 10 13 
2 2 19 
2 17 10 
2 14 15 
2 0 6 
2 17 14 
2 17 14 
2 4 9 
2 2 7 
2 11 15 
2 3 5 
2 1 6 
2 2 11 
2 10 15 
2 16 14 
2 7 10 
2 5 11 
2 16 18 
2 10 11 
2 3 19 
2 18 12 
2 3 14 
2 16 2 
2 0 9 
2 5 6 
2 0 3 
2 17 9 
2 17 14 
2 16 19 
2 18 10 
2 2 12 
2 19 7 
2 16 14 
2 0 1 
2 7 8 
2 19 11 
2 5 6 
2 18 13 
2 1 11 
2 6 12 
2 0 4 
2 16 7 
2 17 6 
2 6 11 
2 7 13 
2 4 15 
2 16 2 
2 17 5 
2 17 9 
2 2 3 
2 10 13 
2 4 5 
2 2 10 
2 2 10 
2 17 11 
2 10 12 
2 17 4 
2 4 12 
2 4 7 
2 12 15 
2 19 13 
2 8 12 
2 17 10 
2 17 9 
2 19 4 
2 4 10 
2 16 1 
2 10 13 
2 0 18 
2 16 17 
2 0 5 
2 3 5 
2 16 13 
2 4 11 
2 19 7 
2 5 12 
2 17 9 
2 0 17 
2 8 10 
2 1 12 
2 5 10 
2 0 16 
2 9 11 
2 13 14 
2 5 15 
2 1 11 
2 7 13 
2 2 18 
2 1 4 
2 8 10 
2 4 14 
2 17 13 
2 13 14 
2 9 14 
2 0 12 
2 6 11 
2 9 11 
2 0 17 
2 19 10 
2 16 12 
2 16 4 
2 18 19 
2 6 9 
2 17 8 
2 19 5 
2 18 5 
2 9 12 
2 10 15 
2 18 6 
2 2 8 
2 1 3 
2 12 13 
2 9 13 
2 4 7 
2 19 11 
2 19 6 
2 7 8 
2 2 19 
2 3 7 
2 3 9 
2 7 8 
2 10 11 
2 18 10 
2 9 13 
2 5 14 
2 3 9 
2 7 13 
2 1 2 
2 5 6 
2 3 9 
2 18 11 
2 17 5 
2 4 10 
2 2 3 
2 18 3 
2 19 14 
2 17 14 
2 7 13 
2 17 19 
2 2 7 
2 11 14 
2 8 15 
2 16 14 
2 4 11 
2 6 10 
2 0 7 
2 2 5 
2 11 12 
2 9 11 
2 5 11 
2 2 13 

2 19 13 
2 4 6 
2 3 7 
2 17 19 
2 1 7 
2 5 15 
2 3 15 
2 3 5 
2 3 6 
2 4 11 
2 16 11 
2 19 7 
2 1 3 
2 16 3 
2 2 7 
2 3 11 
2 16 1 
2 2 5 
2 17 13 
2 6 15 
2 9 10 
2 6 12 
2 7 15 
2 2 8 
2 16 2 
2 18 13 
2 0 3 
2 3 6 
2 18 15 
2 19 3 
2 1 4 
2 2 3 
2 10 12 
2 16 13 
2 6 9 
2 9 11 
2 7 9 
2 16 12 
2 17 7 
2 3 8 
2 3 5 
2 5 14 
2 16 2 
2 17 5 
2 9 12 
2 8 10 
2 6 13 
2 1 13 
2 16 12 
2 16 19 
2 9 11 
2 8 11 
2 19 6 
2 0 7 
2 16 13 
2 16 14 
2 16 1 
2 17 9 
2 18 15 
2 0 8 
2 16 10 
2 1 18 
2 1 10 
2 17 15 
2 1 4 
2 19 13 
2 19 12 
2 19 8 
2 17 9 
2 12 14 
2 1 5 
2 12 14 
2 0 2 
2 16 6 
2 2 4 
2 1 11 
2 4 13 
2 4 14 
2 1 6 
2 18 9 
2 18 7 
2 5 14 
2 6 14 
2 3 11 
2 4 6 
2 19 9 
2 2 12 
2 1 19 
2 17 5 
2 17 13 
2 4 13 
2 4 12 
2 17 2 
2 17 2 
2 6 14 
2 0 1 
2 17 19 
2 16 10 
2 3 15 
2 16 19 
2 0 14 
2 3 19 
2 17 13 
2 12 13 
2 2 10 
2 18 4 
2 0 9 
2 12 14 
2 3 6 
2 19 9 
2 9 14 
2 5 7 
2 17 11 
2 4 12 
2 19 11 
2 16 0 
2 6 13 
2 3 8 
2 5 15 
2 8 10 
2 6 7 
2 5 11 
2 3 9 
2 17 15 
2 17 8 
2 0 14 
2 16 7 
2 3 10 
2 7 10 
2 0 4 
2 19 10 
2 16 18 
2 7 13 
2 18 7 
2 16 17 
2 8 10 
2 18 7 
2 7 14 
2 18 9 
2 18 12 
2 18 7 
2 8 13 
2 3 14 
2 16 4 
2 17 10 
2 1 7 
2 17 11 
2 11 13 
2 2 8 
2 18 4 
2 7 8 
2 9 15 
2 0 17 
2 19 11 
2 2 9 
2 17 4 
2 18 11 
2 16 9 
2 3 13 
2 7 12 
2 4 8 
