20 57 57 true

5 12 6 13 3 18 3 3 5 2 8 11 4 16 2 15 18 4 4 19 
13 6 12 10 8 9 14 11 12 18 6 6 2 3 17 1 4 16 14 15 
12 14 15 11 17 14 8 18 3 11 17 0 16 1 13 11 6 13 4 0 
19 0 8 14 8 11 18 11 19 9 8 1 19 3 2 4 0 1 19 19 
0 12 14 5 4 14 5 8 2 3 11 10 10 2 16 13 5 0 18 2 
1 2 17 8 3 6 6 16 18 18 17 18 16 17 0 7 15 12 1 3 
2 1 9 13 12 19 4 14 12 6 13 14 2 4 0 17 11 4 17 7 
7 10 11 14 10 18 1 6 8 6 5 7 1 11 0 0 18 7 2 18 
4 7 11 10 13 0 12 14 15 8 15 6 17 6 14 3 12 5 0 14 
18 2 14 6 4 9 17 12 13 14 17 18 12 13 11 14 4 2 7 13 
12 5 9 18 12 8 10 4 10 14 9 6 12 2 17 3 5 17 2 14 
19 4 7 1 0 6 7 8 15 0 18 9 19 10 18 2 11 19 11 12 
10 1 10 3 13 6 9 11 0 10 8 3 5 9 1 7 19 12 14 18 
7 7 1 5 13 15 8 2 15 0 12 10 13 8 11 15 6 18 3 11 
16 9 0 7 0 4 4 7 2 19 4 18 0 16 2 17 19 11 0 5 
17 8 11 19 3 11 7 8 3 14 10 10 8 16 8 1 19 0 17 15 
18 4 8 19 7 8 11 5 1 14 7 2 18 16 16 8 4 7 6 14 
18 8 13 9 19 0 10 9 19 15 5 10 12 9 16 17 18 12 14 13 
10 18 7 11 4 1 2 13 3 19 15 19 2 5 1 12 12 4 16 14 
15 0 5 13 2 5 10 8 11 8 14 19 7 8 12 19 5 15 1 15 

2 17 14 
2 5 13 
2 7 11 
2 9 12 
2 17 18 
2 0 5 
2 7 13 
2 16 19 
2 0 19 
2 2 13 
2 19 10 
2 18 3 
2 16 1 
2 17 11 
2 3 13 
2 0 2 
2 7 14 
2 5 11 
2 1 4 
2 17 13 
2 10 11 
2 4 8 
2 16 2 
2 1 12 
2 2 9 
2 9 12 
2 12 13 
2 12 14 
2 2 3 
2 2 3 
2 17 3 
2 18 5 
2 16 18 
2 1 19 
2 3 6 
2 0 7 
2 9 11 
2 3 15 
2 10 11 
2 2 14 
2 1 2 
2 10 13 
2 16 1 
2 19 4 
2 2 12 
2 3 12 
2 8 12 
2 0 4 
2 9 14 
2 12 13 
2 16 15 
2 5 6 
2 16 15 
2 8 10 
2 18 4 
2 3 12 
2 17 6 

2 18 15 
2 3 4 
2 4 11 
2 9 13 
2 19 15 
2 0 4 
2 0 8 
2 6 11 
2 9 12 
2 16 5 
2 17 3 
2 16 17 
2 3 13 
2 11 15 
2 5 14 
2 9 14 
2 18 14 
2 17 13 
2 14 15 
2 4 13 
2 16 2 
2 16 4 
2 1 19 
2 1 10 
2 3 10 
2 3 13 
2 5 11 
2 16 2 
2 4 5 
2 3 12 
2 6 14 
2 5 10 
2 7 8 
2 7 10 
2 18 3 
2 18 5 
2 17 19 
2 12 14 
2 18 8 
2 0 8 
2 1 8 
2 19 15 
2 8 12 
2 16 10 
2 17 8 
2 7 11 
2 11 15 
2 0 4 
2 6 8 
2 14 15 
2 1 14 
2 0 1 
2 18 8 
2 4 11 
2 3 6 
2 19 6 
2 6 14 
