9 30 30 true

14 18 19 1 0 18 8 18 13 
12 10 16 13 12 7 15 13 6 
19 5 2 16 4 10 1 0 1 
3 11 10 1 11 10 8 10 10 
10 5 15 13 12 9 12 9 5 
15 19 15 14 18 9 13 8 6 
1 10 19 14 16 9 14 7 16 
19 11 19 6 10 16 3 16 14 
15 10 17 2 12 1 17 12 9 

2 3 7 
2 2 7 
2 3 8 
2 3 8 
2 5 7 
2 6 8 
2 2 6 
2 0 6 
2 5 7 
2 0 7 
2 1 8 
2 0 3 
2 7 8 
2 4 7 
2 0 8 
2 4 8 
2 3 6 
2 3 5 
2 0 1 
2 7 8 
2 4 8 
2 6 8 
2 3 8 
2 2 5 
2 3 8 
2 4 6 
2 0 7 
2 3 4 
2 1 4 
2 1 6 

2 1 4 
2 0 6 
2 1 6 
2 1 4 
2 2 5 
2 2 8 
2 2 7 
2 2 5 
2 6 8 
2 0 1 
2 2 6 
2 0 3 
2 0 3 
2 1 3 
2 5 6 
2 0 1 
2 4 7 
2 0 6 
2 3 7 
2 0 8 
2 5 7 
2 5 6 
2 4 5 
2 4 6 
2 2 5 
2 4 6 
2 2 8 
2 7 8 
2 6 8 
2 6 7 
