10 39 39 true

10 17 3 17 0 7 11 6 11 7 
2 8 14 4 15 17 16 3 18 15 
7 14 13 12 2 17 11 14 14 17 
5 2 18 9 16 1 10 8 10 13 
11 8 7 6 1 14 9 15 19 1 
6 16 17 1 11 14 0 4 15 1 
11 8 16 1 8 1 12 7 8 9 
3 1 16 11 9 10 17 7 19 6 
9 18 7 19 2 2 19 8 12 17 
4 3 0 5 11 19 15 16 19 16 

2 6 7 
2 4 7 
2 8 9 
2 5 6 
2 0 1 
2 2 5 
2 3 4 
2 7 9 
2 5 8 
2 4 8 
2 4 5 
2 2 6 
2 0 2 
2 1 2 
2 7 8 
2 3 9 
2 8 9 
2 1 4 
2 0 7 
2 4 9 
2 4 5 
2 2 5 
2 7 8 
2 8 9 
2 2 4 
2 4 6 
2 5 8 
2 1 8 
2 4 6 
2 8 9 
2 0 3 
2 3 7 
2 1 3 
2 0 8 
2 3 8 
2 0 6 
2 3 7 
2 0 2 
2 7 8 

2 1 6 
2 3 5 
2 0 3 
2 4 8 
2 1 4 
2 6 7 
2 0 9 
2 1 5 
2 1 3 
2 4 5 
2 0 6 
2 0 2 
2 3 7 
2 0 9 
2 6 7 
2 6 8 
2 3 8 
2 3 4 
2 1 5 
2 1 8 
2 3 4 
2 2 6 
2 6 8 
2 1 5 
2 4 8 
2 1 8 
2 1 4 
2 2 8 
2 0 4 
2 6 7 
2 2 9 
2 3 6 
2 1 6 
2 4 7 
2 0 7 
2 5 7 
2 5 6 
2 5 9 
2 0 2 
