9 21 21 true

18 16 13 16 8 9 10 18 7 
0 0 10 11 18 5 17 3 5 
13 4 18 19 3 17 12 5 11 
0 8 13 10 17 14 5 11 16 
15 15 7 12 1 4 14 11 4 
17 14 8 11 16 0 7 6 12 
16 18 14 3 15 0 2 5 15 
0 4 1 15 18 13 19 14 13 
14 19 6 7 6 0 10 2 10 

2 2 3 
2 0 4 
2 0 4 
2 2 4 
2 2 5 
2 6 7 
2 0 7 
2 0 7 
2 0 7 
2 1 5 
2 0 5 
2 4 6 
2 2 5 
2 1 8 
2 0 6 
2 3 5 
2 4 8 
2 5 7 
2 2 8 
2 2 4 
2 1 7 

2 2 3 
2 0 8 
2 4 6 
2 1 2 
2 1 4 
2 1 5 
2 6 8 
2 1 3 
2 0 5 
2 2 6 
2 1 2 
2 1 5 
2 2 7 
2 6 7 
2 1 2 
2 0 8 
2 0 6 
2 4 6 
2 5 7 
2 1 3 
2 0 3 
