20 95 95 true

7 6 12 1 19 8 6 6 0 0 17 11 1 13 3 3 19 19 17 3 
13 12 8 13 19 1 1 13 9 18 13 2 8 15 1 14 19 5 6 13 
16 2 3 17 13 9 3 18 2 17 8 15 1 14 13 0 0 9 16 5 
14 17 0 16 6 5 7 17 18 5 18 6 12 5 14 15 15 18 8 14 
12 8 12 15 6 4 1 12 18 15 4 19 17 5 19 9 9 4 7 19 
6 13 18 2 1 17 18 17 13 6 14 10 9 4 9 15 1 1 12 1 
5 6 5 9 17 6 9 0 8 6 7 1 6 1 6 19 14 3 10 14 
3 10 5 13 4 15 5 3 8 16 4 15 13 2 9 0 11 11 11 10 
17 10 16 13 8 1 17 9 4 7 16 9 19 13 16 0 9 19 4 2 
7 15 12 15 14 14 2 16 19 19 15 17 14 17 1 5 4 17 7 11 
12 4 9 14 16 13 13 19 17 2 3 8 8 10 3 7 10 19 4 2 
19 1 2 8 3 11 1 9 3 19 12 14 8 5 14 12 6 3 3 18 
12 14 7 11 11 13 7 9 8 6 1 1 16 9 6 5 16 15 14 11 
8 11 8 2 5 15 6 18 6 0 17 10 15 6 5 12 11 7 5 17 
17 4 1 13 8 0 11 17 16 6 3 15 11 12 2 6 19 7 2 6 
6 4 6 18 5 2 17 19 19 18 16 5 7 2 14 7 10 2 11 5 
12 9 16 11 14 2 16 4 8 0 7 4 2 0 10 10 4 11 2 7 
10 8 3 3 5 1 11 6 15 8 13 4 2 15 10 7 17 12 12 16 
13 3 6 1 10 14 4 13 11 4 2 16 2 5 1 17 16 18 19 15 
0 11 6 9 11 12 9 15 10 11 14 15 14 1 13 9 10 5 4 15 

2 18 7 
2 19 11 
2 19 8 
2 19 12 
2 17 2 
2 17 13 
2 19 13 
2 5 9 
2 17 12 
2 0 15 
2 19 5 
2 9 15 
2 2 18 
2 17 14 
2 6 13 
2 16 3 
2 14 15 
2 16 17 
2 2 11 
2 19 11 
2 14 15 
2 17 8 
2 4 7 
2 2 5 
2 13 15 
2 5 14 
2 6 7 
2 19 4 
2 4 9 
2 2 15 
2 16 12 
2 8 12 
2 6 15 
2 1 15 
2 2 19 
2 0 5 
2 16 17 
2 1 3 
2 2 8 
2 7 10 
2 6 11 
2 8 9 
2 4 6 
2 11 15 
2 4 14 
2 5 6 
2 0 15 
2 8 11 
2 3 9 
2 5 8 
2 18 10 
2 5 13 
2 1 7 
2 16 18 
2 0 18 
2 16 17 
2 9 13 
2 19 5 
2 19 11 
2 3 19 
2 18 6 
2 8 11 
2 2 11 
2 0 5 
2 6 7 
2 1 6 
2 0 6 
2 4 15 
2 19 8 
2 16 9 
2 3 4 
2 3 11 
2 4 9 
2 1 2 
2 11 14 
2 1 8 
2 3 4 
2 2 5 
2 8 11 
2 1 11 
2 18 7 
2 2 4 
2 0 3 
2 0 17 
2 17 19 
2 8 12 
2 1 9 
2 0 8 
2 8 15 
2 16 11 
2 3 8 
2 16 11 
2 8 10 
2 10 15 
2 3 5 

2 16 12 
2 0 15 
2 6 9 
2 17 6 
2 3 7 
2 0 15 
2 16 4 
2 0 17 
2 16 19 
2 6 12 
2 3 13 
2 7 10 
2 19 5 
2 8 13 
2 9 15 
2 0 13 
2 3 11 
2 13 14 
2 9 13 
2 0 6 
2 5 7 
2 18 2 
2 19 11 
2 19 8 
2 1 2 
2 5 11 
2 16 19 
2 1 11 
2 10 12 
2 1 19 
2 4 14 
2 1 15 
2 7 11 
2 0 3 
2 5 12 
2 1 2 
2 18 2 
2 2 12 
2 16 3 
2 9 12 
2 2 9 
2 0 19 
2 4 14 
2 18 10 
2 6 8 
2 2 14 
2 0 8 
2 18 14 
2 0 11 
2 6 15 
2 1 17 
2 1 13 
2 19 8 
2 16 2 
2 17 18 
2 19 14 
2 0 5 
2 19 13 
2 5 14 
2 9 12 
2 19 12 
2 1 14 
2 5 13 
2 6 11 
2 17 9 
2 17 19 
2 6 12 
2 2 6 
2 18 6 
2 6 14 
2 18 5 
2 5 15 
2 11 14 
2 10 11 
2 4 11 
2 16 19 
2 1 14 
2 2 3 
2 0 7 
2 0 11 
2 4 15 
2 1 3 
2 19 5 
2 1 9 
2 1 12 
2 17 19 
2 9 11 
2 6 8 
2 3 15 
2 19 12 
2 17 14 
2 4 12 
2 8 10 
2 6 15 
2 17 8 
