9 32 32 true

17 15 2 9 13 7 7 13 12 
12 3 6 16 11 9 14 18 4 
15 15 9 1 19 0 6 0 17 
5 19 19 7 0 19 8 12 19 
10 19 16 0 13 3 0 15 11 
9 14 10 12 14 17 1 16 5 
17 15 2 9 1 2 12 17 11 
14 12 4 11 9 14 10 1 0 
8 10 2 1 17 8 16 8 17 

2 7 8 
2 2 7 
2 2 5 
2 4 8 
2 1 3 
2 1 8 
2 2 7 
2 0 4 
2 6 7 
2 0 2 
2 4 6 
2 4 7 
2 3 4 
2 0 6 
2 0 7 
2 0 5 
2 1 4 
2 2 6 
2 4 6 
2 1 5 
2 6 8 
2 1 5 
2 3 5 
2 3 5 
2 0 6 
2 7 8 
2 0 5 
2 0 6 
2 0 1 
2 4 7 
2 2 5 
2 0 7 

2 0 6 
2 0 5 
2 3 6 
2 2 5 
2 3 4 
2 4 8 
2 1 2 
2 4 7 
2 4 5 
2 4 5 
2 1 4 
2 6 8 
2 1 6 
2 3 4 
2 3 7 
2 6 8 
2 0 4 
2 6 8 
2 1 8 
2 7 8 
2 4 7 
2 0 3 
2 1 2 
2 2 8 
2 0 1 
2 7 8 
2 6 7 
2 5 6 
2 1 2 
2 0 8 
2 4 5 
2 4 7 
