10 24 24 true

6 18 15 14 3 9 17 15 8 5 
4 10 10 12 13 9 6 16 7 1 
11 11 8 12 19 13 13 7 11 13 
8 18 8 18 4 16 10 16 19 4 
0 16 18 10 0 0 12 2 5 18 
18 10 19 1 16 10 13 12 10 14 
11 13 15 18 13 11 0 12 14 2 
10 10 9 17 17 5 16 15 13 7 
19 11 12 7 8 3 6 16 0 15 
18 16 7 11 16 8 12 4 18 8 

2 1 8 
2 0 4 
2 3 8 
2 2 7 
2 1 6 
2 1 5 
2 2 6 
2 7 9 
2 1 4 
2 3 8 
2 5 7 
2 5 9 
2 1 9 
2 3 8 
2 2 6 
2 4 5 
2 2 7 
2 1 2 
2 3 9 
2 1 9 
2 5 6 
2 1 4 
2 4 6 
2 0 4 

2 2 8 
2 5 6 
2 0 1 
2 6 8 
2 0 2 
2 1 5 
2 0 6 
2 2 8 
2 1 7 
2 8 9 
2 3 9 
2 3 7 
2 1 4 
2 2 6 
2 1 2 
2 0 2 
2 2 4 
2 3 8 
2 3 4 
2 2 3 
2 0 1 
2 2 6 
2 0 9 
2 3 8 
