9 30 30 true

2 14 17 16 13 16 7 8 8 
8 9 5 7 10 18 8 12 9 
13 14 3 3 3 14 16 12 14 
13 0 19 17 16 7 1 11 5 
10 19 7 1 18 19 5 0 18 
17 7 1 9 11 0 2 1 0 
3 7 2 1 12 18 2 5 7 
3 1 0 14 3 6 3 17 5 
15 3 10 4 9 7 19 7 15 

2 7 8 
2 3 8 
2 4 7 
2 5 6 
2 2 3 
2 1 4 
2 1 7 
2 1 4 
2 0 7 
2 0 1 
2 2 3 
2 3 8 
2 1 8 
2 0 1 
2 1 5 
2 2 6 
2 1 5 
2 4 5 
2 2 6 
2 4 6 
2 2 4 
2 3 8 
2 4 6 
2 6 7 
2 2 4 
2 4 6 
2 1 8 
2 7 8 
2 2 3 
2 4 5 

2 3 4 
2 0 7 
2 3 7 
2 2 5 
2 0 5 
2 5 7 
2 1 8 
2 4 6 
2 3 5 
2 0 2 
2 1 3 
2 5 6 
2 1 6 
2 2 3 
2 4 8 
2 1 6 
2 0 2 
2 2 4 
2 0 5 
2 4 8 
2 2 7 
2 0 4 
2 0 1 
2 0 2 
2 0 2 
2 2 7 
2 2 8 
2 0 8 
2 0 6 
2 2 6 
