10 23 23 true

5 14 9 1 16 17 17 12 0 14 
19 6 9 2 6 5 0 16 7 18 
1 16 8 0 18 2 10 10 3 19 
16 0 5 18 9 8 0 13 16 1 
12 13 5 15 9 11 6 18 14 3 
18 3 15 9 12 7 17 14 10 4 
4 8 5 2 2 12 0 6 15 6 
7 16 2 6 16 8 17 19 15 1 
18 2 19 15 9 8 15 3 17 17 
5 8 14 10 11 4 18 8 14 0 

2 0 1 
2 3 9 
2 3 4 
2 4 6 
2 4 6 
2 3 8 
2 1 3 
2 2 4 
2 8 9 
2 7 9 
2 7 8 
2 2 4 
2 4 8 
2 1 9 
2 5 6 
2 5 9 
2 6 9 
2 1 4 
2 2 8 
2 6 9 
2 5 8 
2 0 3 
2 1 5 

2 6 7 
2 2 4 
2 1 6 
2 3 4 
2 3 5 
2 0 4 
2 0 2 
2 5 7 
2 1 5 
2 0 8 
2 0 4 
2 1 3 
2 1 8 
2 3 8 
2 4 8 
2 4 5 
2 8 9 
2 1 5 
2 5 6 
2 5 9 
2 0 3 
2 4 5 
2 3 9 
