9 31 31 true

10 2 8 13 2 6 12 18 13 
3 2 15 4 14 2 8 2 5 
13 15 6 5 16 9 3 2 19 
4 7 19 11 4 11 12 19 0 
13 5 17 7 1 12 3 10 16 
16 5 17 0 9 9 0 8 3 
14 14 9 6 14 14 18 3 17 
15 18 9 2 2 4 14 19 12 
17 9 19 0 14 6 12 9 14 

2 3 7 
2 3 6 
2 5 6 
2 3 7 
2 3 7 
2 0 6 
2 0 8 
2 0 7 
2 0 3 
2 5 7 
2 1 6 
2 0 3 
2 1 7 
2 0 3 
2 4 6 
2 0 6 
2 2 7 
2 0 1 
2 5 7 
2 0 2 
2 1 6 
2 1 4 
2 0 5 
2 2 3 
2 4 5 
2 1 6 
2 2 5 
2 5 6 
2 2 5 
2 0 3 
2 4 5 

2 3 6 
2 1 5 
2 4 5 
2 2 8 
2 1 3 
2 5 7 
2 1 6 
2 1 3 
2 3 6 
2 2 4 
2 4 5 
2 1 6 
2 1 7 
2 1 5 
2 1 2 
2 0 5 
2 0 5 
2 1 4 
2 1 7 
2 3 7 
2 5 8 
2 0 5 
2 4 7 
2 7 8 
2 0 7 
2 0 6 
2 4 5 
2 4 7 
2 3 6 
2 1 7 
2 4 6 
