9 31 31 true

17 4 18 10 8 5 2 2 16 
11 10 10 19 14 17 0 6 9 
10 2 18 11 17 18 1 9 14 
10 12 19 10 16 7 14 4 18 
2 14 11 13 19 11 6 19 7 
12 18 3 4 0 12 18 0 9 
5 15 13 14 5 18 10 14 11 
8 16 13 7 18 13 2 1 18 
7 15 0 0 5 7 10 16 6 

2 0 2 
2 0 8 
2 0 1 
2 1 6 
2 6 8 
2 2 3 
2 1 4 
2 4 7 
2 2 7 
2 2 8 
2 3 6 
2 3 7 
2 1 6 
2 1 2 
2 3 6 
2 2 4 
2 5 8 
2 1 7 
2 4 6 
2 1 2 
2 7 8 
2 5 8 
2 0 4 
2 3 6 
2 1 8 
2 4 7 
2 3 4 
2 1 8 
2 2 3 
2 3 5 
2 4 6 

2 1 3 
2 0 1 
2 2 5 
2 6 8 
2 5 7 
2 1 3 
2 0 8 
2 1 8 
2 2 3 
2 1 7 
2 2 7 
2 3 6 
2 1 2 
2 0 5 
2 3 6 
2 0 1 
2 1 5 
2 1 5 
2 4 6 
2 1 5 
2 2 8 
2 2 7 
2 0 3 
2 0 5 
2 2 4 
2 0 1 
2 0 1 
2 5 6 
2 0 7 
2 4 8 
2 0 8 
