20 159 159 true

14 15 0 2 11 6 15 4 19 12 2 0 7 2 0 0 17 19 0 7 
17 17 14 9 2 4 16 17 3 17 12 2 16 11 1 13 2 5 13 11 
14 18 1 14 16 19 5 6 6 14 2 1 14 16 13 9 2 5 6 4 
18 13 12 15 15 0 12 15 12 1 18 18 15 8 3 1 2 3 18 9 
11 7 3 15 1 17 14 11 0 0 6 15 2 17 9 5 3 2 4 3 
2 1 16 8 4 1 12 11 9 11 12 7 11 17 0 14 10 13 16 5 
18 15 15 19 17 16 19 4 10 2 14 8 18 5 6 12 5 0 11 16 
16 17 12 9 2 17 6 13 16 16 18 18 7 11 3 3 1 11 0 8 
0 6 14 6 1 6 2 10 8 6 15 6 14 12 11 7 4 11 2 19 
17 11 9 9 14 11 9 17 3 3 4 5 19 18 15 19 1 1 16 0 
2 9 17 12 10 9 18 17 13 16 12 10 7 6 16 1 10 15 0 15 
14 3 13 4 17 19 7 8 14 10 3 7 16 9 2 9 13 2 17 18 
1 4 19 17 4 14 8 11 19 18 8 7 3 18 16 2 17 1 16 11 
19 1 18 10 4 11 13 18 4 11 4 19 15 16 2 17 13 13 1 7 
0 7 9 3 5 15 11 11 7 17 1 6 16 18 9 12 4 4 8 15 
9 2 4 7 15 13 1 10 12 9 11 5 12 3 12 17 3 17 16 18 
15 18 5 6 1 2 2 4 3 6 0 19 11 12 15 11 17 17 0 18 
11 0 6 10 8 4 1 4 5 5 0 3 11 7 16 3 1 4 16 4 
4 0 8 5 3 3 1 7 8 10 5 17 7 7 4 5 1 6 17 16 
0 4 10 1 19 1 10 10 19 9 7 7 9 19 18 13 2 2 11 7 

2 7 11 
2 2 11 
2 9 10 
2 0 13 
2 6 7 
2 9 11 
2 17 14 
2 18 6 
2 19 9 
2 18 8 
2 17 4 
2 3 15 
2 3 6 
2 4 12 
2 6 10 
2 3 5 
2 3 8 
2 17 11 
2 16 8 
2 19 10 
2 4 9 
2 19 7 
2 18 8 
2 1 19 
2 4 9 
2 19 13 
2 17 3 
2 19 13 
2 18 15 
2 1 15 
2 9 13 
2 18 10 
2 4 10 
2 7 15 
2 16 4 
2 16 10 
2 12 15 
2 18 19 
2 19 9 
2 3 9 
2 9 14 
2 17 13 
2 0 6 
2 3 15 
2 18 14 
2 0 10 
2 19 11 
2 2 13 
2 12 13 
2 0 10 
2 7 15 
2 10 13 
2 1 10 
2 17 5 
2 19 7 
2 2 8 
2 2 14 
2 17 9 
2 16 3 
2 17 12 
2 12 15 
2 4 9 
2 17 1 
2 18 19 
2 9 15 
2 18 10 
2 2 14 
2 18 8 
2 18 12 
2 16 8 
2 3 12 
2 7 8 
2 1 5 
2 6 9 
2 3 9 
2 1 7 
2 8 12 
2 11 13 
2 17 1 
2 16 19 
2 18 4 
2 5 9 
2 2 6 
2 4 9 
2 1 5 
2 16 10 
2 2 10 
2 1 19 
2 11 12 
2 7 10 
2 17 14 
2 3 15 
2 0 19 
2 12 15 
2 17 4 
2 9 12 
2 17 13 
2 12 13 
2 2 19 
2 3 15 
2 1 6 
2 5 14 
2 1 2 
2 5 6 
2 4 10 
2 16 2 
2 2 14 
2 3 19 
2 3 13 
2 1 9 
2 17 5 
2 8 10 
2 6 7 
2 5 8 
2 10 15 
2 16 11 
2 16 11 
2 19 9 
2 2 12 
2 0 18 
2 3 12 
2 19 14 
2 17 14 
2 2 6 
2 2 14 
2 3 10 
2 3 8 
2 2 11 
2 3 15 
2 2 11 
2 5 13 
2 2 6 
2 17 9 
2 18 5 
2 14 15 
2 17 3 
2 9 12 
2 17 10 
2 13 14 
2 7 8 
2 4 10 
2 6 9 
2 16 4 
2 18 7 
2 5 7 
2 4 13 
2 4 8 
2 16 14 
2 19 5 
2 0 3 
2 19 15 
2 3 5 
2 0 6 
2 19 11 
2 5 10 
2 1 6 
2 3 5 
2 18 10 
2 3 9 

2 2 10 
2 1 11 
2 0 6 
2 9 10 
2 1 15 
2 19 6 
2 6 14 
2 16 8 
2 0 18 
2 0 13 
2 0 14 
2 18 19 
2 17 8 
2 7 10 
2 1 4 
2 11 13 
2 17 4 
2 19 4 
2 2 14 
2 17 13 
2 13 14 
2 2 13 
2 1 9 
2 6 7 
2 4 10 
2 2 19 
2 0 11 
2 19 15 
2 2 13 
2 1 14 
2 5 9 
2 17 9 
2 1 13 
2 19 3 
2 8 11 
2 3 14 
2 7 9 
2 0 13 
2 5 12 
2 19 14 
2 19 14 
2 17 5 
2 18 13 
2 2 19 
2 19 5 
2 5 6 
2 7 12 
2 19 10 
2 16 15 
2 17 6 
2 2 8 
2 4 5 
2 19 7 
2 4 15 
2 9 13 
2 3 8 
2 5 12 
2 5 14 
2 16 1 
2 3 4 
2 2 8 
2 17 12 
2 0 15 
2 8 9 
2 2 5 
2 5 10 
2 10 13 
2 10 14 
2 0 4 
2 1 18 
2 6 11 
2 18 3 
2 17 12 
2 8 11 
2 16 7 
2 18 5 
2 19 14 
2 18 5 
2 1 5 
2 7 10 
2 5 9 
2 16 13 
2 7 14 
2 16 10 
2 16 17 
2 5 11 
2 11 15 
2 11 14 
2 9 14 
2 1 9 
2 2 9 
2 12 13 
2 2 13 
2 4 8 
2 0 2 
2 0 19 
2 1 8 
2 5 6 
2 2 5 
2 13 15 
2 0 17 
2 5 12 
2 0 4 
2 8 15 
2 1 8 
2 6 8 
2 7 8 
2 16 17 
2 16 17 
2 5 11 
2 17 13 
2 6 15 
2 2 14 
2 16 14 
2 16 19 
2 9 13 
2 7 15 
2 8 11 
2 18 11 
2 19 12 
2 7 12 
2 3 14 
2 0 16 
2 0 1 
2 9 12 
2 10 13 
2 7 12 
2 8 13 
2 0 4 
2 4 6 
2 9 15 
2 2 4 
2 17 4 
2 16 7 
2 10 11 
2 0 16 
2 6 10 
2 18 13 
2 0 3 
2 2 10 
2 17 12 
2 2 19 
2 4 6 
2 6 14 
2 5 10 
2 19 11 
2 18 6 
2 7 15 
2 5 11 
2 1 4 
2 19 4 
2 16 8 
2 16 10 
2 18 11 
2 7 9 
2 9 13 
2 16 4 
2 5 14 
2 2 10 
