10 39 39 true

3 1 1 3 11 15 13 11 10 8 
19 7 13 17 9 17 0 9 5 15 
10 19 13 8 18 16 0 19 0 11 
7 10 3 7 17 12 12 9 5 19 
5 2 17 7 17 16 1 9 9 2 
7 6 17 5 15 7 13 2 11 18 
10 5 0 13 5 2 2 2 19 17 
17 17 3 16 18 19 19 4 9 19 
4 11 16 15 17 16 13 3 11 8 
16 0 9 11 3 0 9 16 17 1 

2 1 6 
2 0 3 
2 2 5 
2 3 5 
2 0 6 
2 3 5 
2 3 8 
2 7 8 
2 0 3 
2 7 9 
2 4 9 
2 3 8 
2 0 2 
2 5 9 
2 5 9 
2 0 5 
2 6 8 
2 0 8 
2 3 4 
2 1 8 
2 1 6 
2 7 9 
2 5 9 
2 4 6 
2 3 9 
2 0 4 
2 6 9 
2 2 3 
2 0 9 
2 0 5 
2 0 5 
2 1 3 
2 5 9 
2 1 5 
2 5 9 
2 8 9 
2 6 8 
2 3 8 
2 2 6 

2 3 8 
2 5 8 
2 6 9 
2 2 3 
2 2 3 
2 4 6 
2 3 6 
2 7 8 
2 1 9 
2 1 4 
2 5 9 
2 0 6 
2 6 7 
2 1 7 
2 5 9 
2 3 9 
2 3 6 
2 0 5 
2 5 6 
2 1 6 
2 2 3 
2 3 4 
2 1 2 
2 7 9 
2 1 6 
2 6 7 
2 0 3 
2 0 1 
2 4 5 
2 0 4 
2 0 9 
2 3 4 
2 5 7 
2 3 4 
2 3 7 
2 5 9 
2 1 3 
2 2 6 
2 8 9 
