10 39 39 true

18 14 14 14 12 19 9 14 12 9 
12 16 0 16 15 11 8 18 17 1 
17 5 1 5 4 8 1 12 14 15 
2 3 19 8 7 13 18 5 2 18 
6 11 16 6 10 8 5 15 2 2 
3 9 14 1 19 1 7 12 15 1 
6 6 15 17 19 13 8 4 9 15 
2 1 4 17 12 8 10 8 10 0 
8 18 16 8 0 13 16 19 0 15 
19 3 0 2 14 2 10 3 17 17 

2 0 2 
2 4 8 
2 3 5 
2 5 8 
2 8 9 
2 7 9 
2 2 5 
2 4 9 
2 2 3 
2 6 7 
2 7 8 
2 0 5 
2 4 7 
2 2 3 
2 0 6 
2 5 8 
2 5 9 
2 5 7 
2 5 9 
2 1 3 
2 1 7 
2 1 2 
2 3 9 
2 2 6 
2 2 4 
2 1 2 
2 0 3 
2 1 9 
2 3 5 
2 0 6 
2 1 8 
2 1 5 
2 5 9 
2 0 7 
2 5 7 
2 2 6 
2 5 8 
2 0 2 
2 2 9 

2 4 7 
2 3 5 
2 7 8 
2 3 8 
2 5 9 
2 1 7 
2 2 6 
2 3 6 
2 5 6 
2 7 9 
2 0 7 
2 0 9 
2 7 9 
2 0 7 
2 1 4 
2 4 5 
2 3 8 
2 1 5 
2 4 8 
2 0 9 
2 3 9 
2 4 7 
2 0 9 
2 0 4 
2 0 4 
2 1 5 
2 2 6 
2 1 5 
2 2 5 
2 4 9 
2 1 2 
2 1 8 
2 2 4 
2 2 6 
2 4 5 
2 3 7 
2 0 8 
2 1 3 
2 2 4 
