9 32 32 true

11 3 12 14 1 14 13 13 4 
5 17 11 0 13 9 1 18 12 
12 16 18 7 9 9 13 16 13 
13 2 6 13 13 15 13 9 4 
15 13 9 19 8 8 15 14 0 
8 19 2 1 1 0 4 9 2 
3 17 11 0 9 3 12 18 15 
1 1 12 8 8 9 4 16 14 
11 14 17 9 1 2 9 1 6 

2 5 8 
2 0 5 
2 5 8 
2 1 4 
2 5 6 
2 0 1 
2 1 3 
2 3 4 
2 4 7 
2 2 3 
2 5 7 
2 2 5 
2 3 7 
2 5 7 
2 1 8 
2 4 5 
2 1 5 
2 3 6 
2 0 5 
2 0 5 
2 2 3 
2 1 3 
2 2 3 
2 2 8 
2 1 2 
2 0 4 
2 0 1 
2 0 8 
2 0 3 
2 2 6 
2 4 5 
2 3 4 

2 1 7 
2 1 3 
2 0 4 
2 6 8 
2 1 5 
2 1 7 
2 0 6 
2 1 2 
2 4 7 
2 3 7 
2 1 8 
2 0 3 
2 2 6 
2 0 1 
2 2 6 
2 5 8 
2 3 8 
2 2 6 
2 3 6 
2 2 5 
2 0 8 
2 1 2 
2 1 6 
2 4 7 
2 0 2 
2 0 5 
2 0 2 
2 4 6 
2 1 3 
2 4 8 
2 0 6 
2 4 6 
