20 153 153 true

12 15 6 18 16 5 0 1 7 13 4 13 3 17 0 0 7 16 7 13 
0 5 18 16 16 17 16 7 4 5 0 6 13 14 14 9 12 6 11 19 
10 4 0 18 14 15 15 0 14 8 8 12 4 4 1 17 3 6 19 19 
8 6 10 12 19 5 18 8 3 2 3 10 8 19 19 18 1 8 2 1 
2 14 19 7 7 18 4 8 19 8 1 11 9 11 10 5 18 10 8 4 
7 8 11 6 16 7 2 0 9 13 2 7 11 0 11 9 11 19 4 17 
19 14 11 3 6 18 5 11 1 6 13 12 9 19 18 0 6 16 6 3 
17 19 12 2 11 3 17 11 16 8 7 12 18 5 1 6 13 7 6 0 
1 15 0 14 5 2 2 15 0 6 1 8 18 3 14 9 7 19 2 8 
17 19 4 13 8 13 13 6 8 8 15 17 10 2 4 7 13 8 1 17 
7 0 16 2 19 8 14 18 6 1 1 13 0 18 9 1 5 9 3 0 
8 3 15 19 7 18 7 1 6 4 0 11 19 4 10 18 13 15 5 12 
6 14 6 16 15 9 17 12 4 3 19 18 6 17 4 15 1 2 16 14 
2 9 7 13 15 10 0 11 0 9 15 8 0 13 7 11 19 11 8 12 
3 15 0 5 19 17 17 16 12 15 0 10 19 1 7 4 7 3 9 17 
4 11 11 9 2 2 0 19 4 0 13 17 10 3 16 0 12 14 2 18 
3 9 5 5 8 9 19 18 7 6 19 0 19 8 12 5 17 13 0 14 
16 9 13 10 16 7 3 8 3 18 15 10 14 17 3 0 5 12 10 12 
12 13 9 7 14 16 15 10 15 8 9 19 0 8 15 11 4 9 1 8 
7 5 12 17 16 14 14 15 8 5 6 9 12 15 17 10 15 3 3 13 

2 1 5 
2 3 11 
2 1 13 
2 18 15 
2 3 14 
2 19 7 
2 12 14 
2 17 18 
2 9 14 
2 16 14 
2 1 13 
2 0 5 
2 3 11 
2 16 4 
2 16 3 
2 19 14 
2 10 15 
2 4 15 
2 9 14 
2 0 9 
2 1 18 
2 11 12 
2 3 15 
2 2 19 
2 5 6 
2 17 4 
2 1 15 
2 17 12 
2 0 13 
2 7 11 
2 5 9 
2 18 12 
2 12 15 
2 1 10 
2 16 4 
2 17 5 
2 11 14 
2 19 8 
2 16 6 
2 10 14 
2 8 12 
2 4 15 
2 6 13 
2 2 9 
2 19 6 
2 18 12 
2 0 6 
2 6 14 
2 1 2 
2 3 8 
2 4 5 
2 4 11 
2 9 14 
2 1 17 
2 6 7 
2 1 2 
2 1 7 
2 9 12 
2 1 2 
2 9 13 
2 0 7 
2 1 9 
2 3 14 
2 19 4 
2 1 4 
2 16 2 
2 0 9 
2 16 10 
2 2 15 
2 4 9 
2 0 6 
2 17 7 
2 1 13 
2 7 15 
2 7 15 
2 17 10 
2 19 8 
2 16 0 
2 2 8 
2 0 8 
2 6 14 
2 2 11 
2 16 0 
2 19 4 
2 8 14 
2 13 15 
2 1 6 
2 18 2 
2 9 12 
2 3 11 
2 13 14 
2 17 13 
2 1 12 
2 18 14 
2 0 13 
2 16 2 
2 9 15 
2 11 13 
2 11 12 
2 16 10 
2 2 5 
2 0 8 
2 7 8 
2 2 4 
2 16 0 
2 17 9 
2 19 10 
2 10 14 
2 8 10 
2 1 12 
2 19 14 
2 7 12 
2 4 10 
2 18 3 
2 18 8 
2 4 12 
2 17 19 
2 7 10 
2 19 4 
2 8 9 
2 8 15 
2 17 13 
2 1 15 
2 9 15 
2 0 11 
2 1 19 
2 7 12 
2 5 15 
2 18 10 
2 3 8 
2 6 10 
2 1 12 
2 5 12 
2 3 5 
2 1 10 
2 6 9 
2 19 5 
2 17 1 
2 2 6 
2 18 8 
2 17 8 
2 1 5 
2 16 10 
2 4 11 
2 16 2 
2 4 8 
2 9 10 
2 0 14 
2 6 9 
2 4 7 
2 19 6 
2 8 14 
2 17 18 

2 4 10 
2 1 3 
2 18 7 
2 9 11 
2 0 1 
2 9 14 
2 3 10 
2 7 12 
2 12 14 
2 1 18 
2 5 12 
2 4 8 
2 19 15 
2 7 10 
2 19 6 
2 11 13 
2 18 8 
2 7 8 
2 6 7 
2 0 15 
2 1 14 
2 6 14 
2 1 7 
2 19 9 
2 0 6 
2 6 13 
2 7 8 
2 2 7 
2 19 4 
2 4 15 
2 19 11 
2 16 9 
2 16 2 
2 17 5 
2 9 11 
2 16 2 
2 19 15 
2 16 5 
2 19 7 
2 5 12 
2 4 5 
2 19 8 
2 6 15 
2 9 12 
2 17 10 
2 8 9 
2 19 13 
2 18 2 
2 6 7 
2 17 15 
2 16 7 
2 9 10 
2 0 6 
2 4 8 
2 2 8 
2 19 6 
2 17 18 
2 19 4 
2 6 13 
2 0 4 
2 10 11 
2 19 14 
2 10 14 
2 9 10 
2 18 11 
2 18 13 
2 3 5 
2 2 7 
2 18 8 
2 18 13 
2 16 10 
2 17 15 
2 16 15 
2 4 8 
2 17 5 
2 5 10 
2 6 13 
2 17 18 
2 9 13 
2 19 14 
2 8 10 
2 1 5 
2 18 12 
2 2 9 
2 0 17 
2 16 8 
2 5 10 
2 1 9 
2 2 13 
2 7 11 
2 19 5 
2 16 5 
2 17 8 
2 13 15 
2 13 15 
2 18 12 
2 12 13 
2 16 13 
2 1 11 
2 19 13 
2 17 11 
2 17 4 
2 2 3 
2 5 11 
2 16 8 
2 7 12 
2 17 5 
2 6 7 
2 0 6 
2 0 10 
2 17 12 
2 7 12 
2 6 13 
2 11 15 
2 19 5 
2 0 4 
2 5 8 
2 1 6 
2 6 7 
2 11 14 
2 4 8 
2 2 8 
2 17 7 
2 17 9 
2 6 10 
2 2 5 
2 4 7 
2 0 9 
2 4 12 
2 7 13 
2 19 10 
2 3 14 
2 18 4 
2 1 3 
2 7 13 
2 2 15 
2 1 13 
2 12 14 
2 1 6 
2 16 2 
2 7 11 
2 18 9 
2 1 15 
2 3 9 
2 8 12 
2 17 6 
2 11 13 
2 16 13 
2 10 11 
2 2 11 
2 0 13 
2 4 11 
2 0 10 
