20 171 171 true

12 13 10 10 11 12 8 1 5 16 9 12 12 17 7 12 17 13 17 6 
11 7 1 0 19 17 19 13 19 4 5 18 19 3 10 19 0 0 17 4 
17 16 0 17 1 8 5 2 3 10 17 4 13 11 12 12 13 9 18 13 
15 19 16 18 11 4 6 2 12 18 16 6 3 9 3 9 19 8 3 19 
4 17 1 16 14 17 15 5 6 9 5 7 11 10 10 18 12 1 0 3 
1 0 18 3 11 7 18 10 11 13 0 17 5 12 13 13 8 5 6 6 
10 0 9 3 3 15 16 9 19 15 6 3 5 7 11 14 13 4 7 6 
16 13 13 17 2 7 8 3 0 13 17 8 11 9 9 19 18 4 14 11 
13 14 8 12 2 4 6 0 19 9 17 6 15 10 4 10 6 12 15 14 
14 9 11 7 10 1 4 11 3 11 16 2 16 10 7 12 14 11 19 12 
7 4 19 15 13 15 17 10 16 8 9 10 16 9 18 1 14 11 0 7 
1 15 14 17 0 10 18 12 8 0 6 9 10 18 7 13 2 0 8 15 
9 5 19 16 11 15 13 1 4 19 6 18 1 11 3 0 1 1 9 11 
7 3 3 8 1 19 2 3 12 4 6 18 5 7 16 17 0 16 1 9 
19 10 0 19 7 5 12 14 15 13 9 2 3 4 12 14 16 14 6 1 
17 16 0 16 5 0 9 3 7 10 14 14 17 15 12 14 14 19 6 11 
8 12 6 3 15 18 6 3 9 18 7 12 10 13 1 0 10 1 14 5 
5 18 19 2 8 5 9 13 7 8 17 14 0 10 15 8 13 10 9 9 
8 10 2 12 3 12 19 16 12 0 18 6 0 6 11 14 18 1 15 17 
16 8 16 12 10 15 13 7 11 11 19 11 19 10 19 8 9 15 12 19 

2 18 10 
2 18 4 
2 1 14 
2 16 4 
2 16 18 
2 16 15 
2 3 15 
2 2 18 
2 1 8 
2 11 14 
2 6 11 
2 17 5 
2 6 11 
2 1 3 
2 18 14 
2 18 11 
2 6 8 
2 5 7 
2 17 5 
2 9 15 
2 5 10 
2 0 14 
2 3 14 
2 16 18 
2 4 10 
2 10 11 
2 2 3 
2 0 6 
2 3 12 
2 9 15 
2 2 15 
2 7 15 
2 19 4 
2 18 12 
2 3 9 
2 6 9 
2 2 12 
2 7 11 
2 0 13 
2 17 18 
2 5 15 
2 16 3 
2 4 11 
2 17 6 
2 5 13 
2 9 15 
2 18 11 
2 1 6 
2 6 13 
2 17 15 
2 16 11 
2 0 19 
2 2 18 
2 19 11 
2 19 13 
2 2 18 
2 5 12 
2 1 19 
2 19 5 
2 18 19 
2 19 6 
2 2 8 
2 17 4 
2 2 9 
2 3 8 
2 3 5 
2 18 11 
2 5 8 
2 4 9 
2 8 15 
2 18 10 
2 6 15 
2 7 12 
2 4 7 
2 19 6 
2 11 12 
2 0 3 
2 10 12 
2 1 11 
2 0 4 
2 17 14 
2 0 18 
2 2 4 
2 4 7 
2 0 18 
2 2 8 
2 9 10 
2 5 13 
2 10 15 
2 2 4 
2 3 13 
2 16 19 
2 19 6 
2 17 6 
2 2 18 
2 7 15 
2 2 12 
2 9 13 
2 5 14 
2 1 2 
2 17 14 
2 6 9 
2 9 12 
2 11 15 
2 0 1 
2 0 15 
2 17 14 
2 16 3 
2 18 13 
2 2 3 
2 16 12 
2 19 14 
2 0 7 
2 6 12 
2 12 13 
2 1 19 
2 1 7 
2 17 5 
2 0 3 
2 16 4 
2 16 10 
2 18 4 
2 0 2 
2 0 5 
2 10 12 
2 1 3 
2 16 17 
2 16 18 
2 17 15 
2 16 9 
2 19 10 
2 1 8 
2 16 12 
2 1 7 
2 17 13 
2 2 5 
2 1 6 
2 19 15 
2 2 15 
2 16 6 
2 13 14 
2 4 7 
2 1 11 
2 0 9 
2 2 18 
2 0 10 
2 12 15 
2 8 15 
2 9 13 
2 18 4 
2 0 6 
2 0 2 
2 2 5 
2 4 13 
2 9 14 
2 1 18 
2 0 8 
2 5 12 
2 2 8 
2 13 14 
2 4 5 
2 5 13 
2 3 11 
2 7 8 
2 1 7 
2 0 10 
2 18 15 
2 2 8 
2 17 15 
2 16 3 
2 8 9 

2 4 10 
2 11 15 
2 7 15 
2 1 19 
2 19 3 
2 5 12 
2 17 3 
2 10 14 
2 1 4 
2 1 10 
2 16 6 
2 3 9 
2 11 14 
2 3 10 
2 17 13 
2 1 13 
2 17 2 
2 16 2 
2 0 2 
2 19 9 
2 17 19 
2 7 12 
2 11 14 
2 4 15 
2 17 2 
2 6 7 
2 0 10 
2 18 6 
2 10 13 
2 17 8 
2 8 14 
2 5 6 
2 4 7 
2 7 11 
2 1 12 
2 19 14 
2 11 15 
2 6 10 
2 16 1 
2 7 10 
2 18 12 
2 4 5 
2 4 5 
2 4 13 
2 3 15 
2 16 17 
2 8 9 
2 6 13 
2 4 7 
2 17 10 
2 2 8 
2 19 11 
2 4 15 
2 7 8 
2 0 11 
2 17 7 
2 5 10 
2 1 4 
2 17 10 
2 19 10 
2 18 9 
2 18 19 
2 16 5 
2 9 11 
2 6 14 
2 17 13 
2 6 11 
2 6 9 
2 18 12 
2 0 1 
2 2 4 
2 6 8 
2 2 15 
2 3 8 
2 4 5 
2 10 13 
2 0 9 
2 13 15 
2 16 19 
2 8 9 
2 5 6 
2 3 19 
2 18 15 
2 7 8 
2 16 12 
2 3 12 
2 17 14 
2 1 9 
2 18 10 
2 17 3 
2 8 10 
2 0 15 
2 7 10 
2 16 9 
2 6 13 
2 2 8 
2 0 3 
2 14 15 
2 12 14 
2 0 7 
2 16 5 
2 11 13 
2 0 9 
2 16 14 
2 19 13 
2 18 4 
2 9 14 
2 2 6 
2 16 14 
2 8 9 
2 4 12 
2 3 7 
2 11 12 
2 1 8 
2 18 7 
2 4 9 
2 18 14 
2 0 8 
2 8 14 
2 2 11 
2 4 9 
2 16 7 
2 19 14 
2 19 4 
2 18 4 
2 1 3 
2 17 3 
2 18 6 
2 16 12 
2 6 13 
2 17 13 
2 7 13 
2 7 8 
2 7 9 
2 17 19 
2 6 7 
2 2 15 
2 0 7 
2 1 7 
2 5 14 
2 3 7 
2 17 5 
2 1 8 
2 1 4 
2 18 3 
2 16 5 
2 3 6 
2 0 15 
2 6 10 
2 16 18 
2 0 5 
2 19 5 
2 7 15 
2 8 12 
2 0 5 
2 18 13 
2 6 13 
2 8 15 
2 9 13 
2 2 5 
2 3 4 
2 3 5 
2 17 4 
2 13 15 
2 8 9 
2 13 15 
2 18 4 
2 0 10 
2 16 13 
2 5 6 
2 5 14 
