9 31 31 true

2 18 9 9 6 9 9 18 2 
5 7 10 5 5 3 14 13 1 
11 16 6 17 18 13 15 10 12 
8 8 15 3 3 7 13 6 15 
14 15 10 7 14 13 19 3 7 
15 18 11 0 4 5 15 19 2 
4 15 10 16 8 12 12 16 13 
10 4 10 7 1 5 16 15 11 
17 7 11 10 1 18 16 10 1 

2 6 7 
2 3 4 
2 0 3 
2 3 6 
2 2 3 
2 0 7 
2 1 6 
2 2 8 
2 1 6 
2 1 8 
2 0 7 
2 4 5 
2 1 8 
2 5 6 
2 4 5 
2 4 6 
2 1 3 
2 1 5 
2 0 3 
2 5 6 
2 0 1 
2 5 6 
2 0 2 
2 4 8 
2 5 6 
2 4 5 
2 1 6 
2 2 4 
2 0 3 
2 0 2 
2 3 4 

2 1 8 
2 2 4 
2 5 8 
2 1 2 
2 1 8 
2 2 3 
2 2 3 
2 3 8 
2 3 8 
2 0 5 
2 4 8 
2 7 8 
2 5 7 
2 1 4 
2 4 6 
2 1 5 
2 1 4 
2 1 4 
2 3 7 
2 0 3 
2 6 7 
2 7 8 
2 5 8 
2 1 4 
2 0 6 
2 4 5 
2 0 7 
2 0 4 
2 1 4 
2 0 2 
2 6 7 
