20 161 161 true

17 10 16 12 12 8 7 7 0 2 0 15 15 8 7 3 19 12 15 14 
12 2 5 7 11 4 17 7 2 11 8 7 18 14 13 7 0 18 19 3 
6 17 0 5 3 9 8 5 16 12 19 11 16 2 12 12 14 7 12 2 
5 3 6 16 0 19 11 6 13 0 7 15 8 1 4 1 12 0 18 5 
5 4 13 5 4 13 2 10 15 1 6 9 3 8 14 1 11 4 14 17 
15 16 11 3 7 17 1 7 3 16 15 19 10 10 5 15 14 11 1 16 
15 4 1 8 5 12 6 2 18 9 4 13 8 11 3 8 19 14 11 12 
0 1 4 18 12 7 2 8 4 2 3 11 9 3 3 18 14 10 5 13 
17 15 8 15 9 14 0 7 1 3 10 5 17 3 6 13 15 6 15 2 
6 15 12 6 13 16 5 0 8 17 8 10 0 6 15 3 17 12 10 9 
3 8 9 18 14 7 16 15 18 10 18 4 1 4 5 1 4 9 0 6 
7 3 17 6 14 4 4 14 13 10 4 1 4 9 19 11 13 19 19 11 
0 14 0 17 9 10 2 5 0 6 6 15 18 16 2 7 8 0 9 0 
19 11 14 18 4 4 8 5 8 6 9 1 12 13 2 9 10 6 5 6 
6 2 2 6 0 1 11 10 0 17 1 4 6 15 2 15 5 19 17 17 
16 1 11 18 18 6 2 18 6 9 3 8 16 18 13 2 18 13 18 16 
12 5 0 15 14 8 9 18 19 5 7 4 12 1 0 17 3 17 2 15 
3 6 19 9 16 17 11 9 4 16 18 5 18 1 0 16 11 16 19 13 
14 0 13 1 7 19 11 6 1 15 6 13 0 18 17 8 0 11 3 6 
2 15 1 15 18 12 7 12 14 16 11 18 3 0 7 0 9 2 13 8 

2 5 9 
2 18 15 
2 1 14 
2 16 8 
2 8 9 
2 9 14 
2 2 5 
2 17 2 
2 16 18 
2 18 19 
2 0 9 
2 4 14 
2 0 4 
2 4 13 
2 1 17 
2 3 11 
2 16 2 
2 3 4 
2 16 9 
2 0 2 
2 19 15 
2 16 11 
2 0 4 
2 6 14 
2 16 4 
2 19 13 
2 19 10 
2 19 12 
2 18 13 
2 19 12 
2 9 11 
2 3 11 
2 0 1 
2 0 10 
2 16 13 
2 19 8 
2 6 14 
2 3 14 
2 5 8 
2 7 9 
2 18 12 
2 18 15 
2 0 4 
2 0 16 
2 17 11 
2 16 9 
2 16 6 
2 11 13 
2 3 14 
2 8 13 
2 0 9 
2 9 14 
2 3 7 
2 17 15 
2 17 9 
2 12 14 
2 18 5 
2 2 7 
2 11 15 
2 9 15 
2 17 2 
2 3 4 
2 10 13 
2 19 15 
2 19 9 
2 3 6 
2 18 13 
2 6 9 
2 11 13 
2 16 6 
2 0 18 
2 3 13 
2 16 9 
2 11 15 
2 2 5 
2 7 8 
2 2 19 
2 3 6 
2 17 6 
2 14 15 
2 17 14 
2 1 7 
2 1 12 
2 18 13 
2 12 13 
2 2 15 
2 3 5 
2 8 10 
2 11 14 
2 12 15 
2 16 5 
2 16 3 
2 9 14 
2 19 10 
2 1 11 
2 0 16 
2 12 15 
2 0 7 
2 0 10 
2 4 8 
2 9 12 
2 8 12 
2 5 10 
2 6 9 
2 16 5 
2 17 3 
2 0 14 
2 0 12 
2 7 11 
2 0 16 
2 18 2 
2 17 8 
2 18 8 
2 2 12 
2 4 7 
2 1 3 
2 3 15 
2 2 15 
2 6 13 
2 19 6 
2 7 8 
2 7 13 
2 14 15 
2 10 13 
2 16 15 
2 4 8 
2 3 14 
2 3 15 
2 17 2 
2 16 12 
2 9 13 
2 3 19 
2 16 19 
2 9 10 
2 17 2 
2 14 15 
2 16 8 
2 2 14 
2 4 12 
2 5 10 
2 9 11 
2 7 10 
2 3 9 
2 6 12 
2 18 11 
2 4 6 
2 8 12 
2 2 9 
2 0 13 
2 18 10 
2 16 15 
2 5 13 
2 4 12 
2 2 6 
2 1 9 
2 0 3 
2 1 8 
2 19 15 
2 12 15 
2 1 2 
2 9 14 

2 1 18 
2 1 14 
2 18 10 
2 4 6 
2 2 14 
2 6 13 
2 1 19 
2 7 12 
2 5 9 
2 13 15 
2 2 10 
2 5 15 
2 17 13 
2 1 6 
2 2 15 
2 3 10 
2 3 14 
2 8 9 
2 19 9 
2 18 7 
2 5 8 
2 7 9 
2 17 6 
2 16 8 
2 18 13 
2 1 14 
2 17 6 
2 5 9 
2 17 3 
2 6 9 
2 17 8 
2 4 7 
2 4 5 
2 3 11 
2 18 7 
2 0 16 
2 17 14 
2 19 3 
2 4 10 
2 17 4 
2 19 13 
2 1 2 
2 4 14 
2 18 12 
2 2 13 
2 0 4 
2 19 15 
2 17 10 
2 19 12 
2 2 6 
2 17 4 
2 2 9 
2 2 19 
2 16 11 
2 9 11 
2 11 13 
2 19 10 
2 0 4 
2 7 9 
2 19 13 
2 16 15 
2 9 10 
2 4 9 
2 17 9 
2 1 12 
2 17 3 
2 5 10 
2 2 3 
2 0 19 
2 7 8 
2 6 13 
2 5 8 
2 9 10 
2 8 9 
2 4 6 
2 3 15 
2 4 12 
2 0 7 
2 4 13 
2 4 6 
2 6 9 
2 0 8 
2 0 18 
2 10 15 
2 17 7 
2 18 14 
2 19 5 
2 0 14 
2 16 4 
2 19 12 
2 1 18 
2 18 3 
2 2 13 
2 3 10 
2 18 9 
2 4 15 
2 0 8 
2 0 7 
2 7 11 
2 2 5 
2 3 4 
2 7 8 
2 17 3 
2 16 18 
2 6 14 
2 4 11 
2 0 15 
2 0 8 
2 3 4 
2 0 18 
2 0 2 
2 17 19 
2 19 5 
2 16 7 
2 16 14 
2 6 12 
2 7 11 
2 8 14 
2 2 15 
2 1 13 
2 3 14 
2 2 8 
2 10 12 
2 6 10 
2 1 9 
2 19 8 
2 8 14 
2 19 4 
2 1 11 
2 5 7 
2 16 1 
2 16 3 
2 2 3 
2 11 13 
2 3 5 
2 1 13 
2 16 19 
2 1 9 
2 17 10 
2 17 10 
2 4 12 
2 11 14 
2 13 15 
2 1 2 
2 16 2 
2 10 11 
2 0 2 
2 0 6 
2 5 10 
2 0 4 
2 4 11 
2 8 10 
2 4 14 
2 1 9 
2 11 14 
2 16 15 
2 0 6 
2 19 15 
2 1 4 
2 4 5 
2 19 6 
