9 30 30 true

19 5 8 5 7 7 7 18 19 
4 9 1 10 14 18 10 13 15 
6 15 5 3 17 12 7 18 8 
18 18 10 6 16 14 15 16 8 
14 11 5 19 9 19 9 17 18 
9 13 0 3 19 10 2 15 3 
13 1 16 2 1 2 5 4 14 
19 16 8 1 2 5 4 11 6 
8 7 7 17 17 5 19 13 4 

2 3 4 
2 3 8 
2 1 7 
2 4 8 
2 3 6 
2 2 7 
2 7 8 
2 1 4 
2 2 3 
2 3 7 
2 2 5 
2 4 6 
2 1 6 
2 3 8 
2 0 7 
2 6 7 
2 1 3 
2 2 3 
2 4 6 
2 3 5 
2 2 8 
2 3 8 
2 4 6 
2 2 7 
2 0 5 
2 0 4 
2 0 3 
2 0 1 
2 5 7 
2 0 7 

2 2 5 
2 2 5 
2 4 8 
2 0 1 
2 4 8 
2 5 7 
2 1 2 
2 0 3 
2 6 8 
2 3 4 
2 3 7 
2 4 5 
2 3 7 
2 0 1 
2 2 4 
2 0 7 
2 3 5 
2 0 8 
2 3 6 
2 6 7 
2 6 8 
2 1 5 
2 5 6 
2 5 6 
2 0 2 
2 0 7 
2 0 5 
2 2 6 
2 4 8 
2 0 6 
