9 30 30 true

8 19 3 10 3 9 7 10 19 
3 13 18 13 18 12 7 11 16 
13 14 0 14 13 4 15 8 11 
3 0 0 12 18 13 5 11 10 
7 9 8 12 1 11 1 5 9 
6 12 4 16 8 18 15 13 7 
18 5 1 14 17 18 6 5 16 
15 17 2 10 8 2 4 18 7 
9 8 6 10 16 16 18 12 4 

2 1 3 
2 2 3 
2 1 7 
2 2 6 
2 4 6 
2 0 4 
2 4 6 
2 2 5 
2 3 6 
2 6 7 
2 2 8 
2 3 5 
2 2 8 
2 2 5 
2 0 6 
2 3 7 
2 2 7 
2 1 2 
2 1 4 
2 0 5 
2 2 5 
2 2 4 
2 0 6 
2 3 8 
2 1 2 
2 3 6 
2 0 3 
2 1 5 
2 3 4 
2 2 7 

2 1 2 
2 4 7 
2 2 3 
2 0 1 
2 1 8 
2 0 2 
2 3 6 
2 6 8 
2 0 7 
2 0 1 
2 3 6 
2 3 7 
2 0 8 
2 3 6 
2 7 8 
2 0 7 
2 0 6 
2 3 4 
2 2 4 
2 6 7 
2 0 8 
2 4 8 
2 0 5 
2 1 2 
2 1 4 
2 6 8 
2 0 8 
2 3 8 
2 0 4 
2 2 8 
