9 30 30 true

17 13 9 18 17 4 14 9 0 
16 10 19 16 1 12 13 3 5 
7 8 11 4 15 12 1 7 15 
16 4 10 8 14 7 5 7 18 
12 7 5 9 1 2 6 11 12 
16 10 5 2 17 0 13 2 14 
12 7 15 7 10 12 2 10 7 
8 4 9 16 18 12 19 12 7 
9 13 9 6 2 18 15 18 0 

2 0 5 
2 5 8 
2 5 8 
2 1 8 
2 2 3 
2 3 5 
2 5 6 
2 6 7 
2 1 6 
2 2 6 
2 2 5 
2 5 8 
2 2 3 
2 4 7 
2 0 4 
2 6 8 
2 2 5 
2 2 8 
2 3 4 
2 4 5 
2 1 5 
2 0 5 
2 2 8 
2 0 3 
2 0 5 
2 3 4 
2 4 7 
2 5 8 
2 4 6 
2 5 7 

2 1 4 
2 3 5 
2 0 6 
2 6 8 
2 6 7 
2 0 7 
2 5 7 
2 1 4 
2 2 3 
2 1 7 
2 3 5 
2 5 8 
2 3 4 
2 4 7 
2 4 7 
2 1 3 
2 0 4 
2 2 4 
2 5 6 
2 0 3 
2 4 6 
2 1 3 
2 0 6 
2 2 5 
2 0 6 
2 0 1 
2 0 5 
2 0 5 
2 6 8 
2 1 2 
