20 47 47 true

5 3 16 15 3 4 10 5 11 12 0 12 9 6 19 14 9 11 12 8 
6 3 18 5 14 12 11 14 5 12 6 1 19 19 4 11 3 15 10 4 
4 8 16 1 7 5 1 16 4 15 11 7 1 3 3 5 2 13 14 8 
18 15 17 17 14 16 13 1 8 0 19 1 2 8 16 13 7 6 13 6 
19 11 1 4 1 16 19 3 1 12 3 19 13 13 7 12 18 10 4 13 
9 10 15 18 4 18 0 13 5 5 2 5 10 11 18 4 1 14 0 18 
19 1 9 2 13 7 9 5 7 5 11 5 18 11 10 5 18 2 7 12 
18 5 7 7 4 16 2 8 3 16 5 19 16 8 9 19 10 6 15 4 
12 11 16 0 12 14 13 13 6 12 17 8 2 5 1 15 13 8 10 18 
15 4 10 16 0 5 1 6 4 14 19 9 17 17 7 0 1 6 12 1 
7 1 11 6 3 18 7 1 16 16 10 3 5 9 2 10 14 8 5 14 
11 17 14 8 14 12 10 19 2 0 17 3 12 5 11 7 2 11 12 15 
14 1 5 15 14 2 17 12 17 0 6 16 7 0 14 8 19 13 18 1 
17 8 0 1 7 5 10 12 8 16 14 9 14 2 16 0 16 2 9 11 
5 15 17 18 15 14 2 16 19 17 17 10 0 14 17 1 11 8 13 8 
5 6 2 5 5 7 9 5 16 10 17 13 5 17 19 18 5 14 12 16 
11 17 17 4 14 3 14 14 14 4 7 13 0 7 9 19 16 14 4 4 
7 0 10 2 11 9 6 8 18 9 2 19 5 16 16 11 18 18 8 6 
18 9 14 16 3 1 10 6 19 11 4 15 8 19 5 7 4 12 3 6 
18 1 16 0 18 14 5 11 12 6 17 9 18 15 9 2 9 3 19 17 

2 18 12 
2 17 9 
2 10 13 
2 4 7 
2 16 18 
2 6 8 
2 19 7 
2 4 8 
2 3 19 
2 11 15 
2 11 14 
2 2 19 
2 5 7 
2 0 17 
2 9 12 
2 1 2 
2 19 6 
2 1 9 
2 1 17 
2 12 15 
2 4 5 
2 4 12 
2 11 12 
2 18 14 
2 4 5 
2 8 9 
2 19 3 
2 1 14 
2 11 13 
2 18 15 
2 6 14 
2 7 12 
2 19 14 
2 6 7 
2 16 10 
2 17 12 
2 5 9 
2 1 19 
2 17 1 
2 5 10 
2 17 19 
2 4 12 
2 9 15 
2 1 3 
2 8 12 
2 1 7 
2 8 12 

2 1 14 
2 7 9 
2 9 11 
2 16 6 
2 13 15 
2 19 4 
2 0 13 
2 18 6 
2 0 16 
2 1 12 
2 4 15 
2 2 8 
2 6 12 
2 14 15 
2 6 12 
2 6 11 
2 1 15 
2 16 9 
2 16 10 
2 7 12 
2 16 10 
2 9 15 
2 5 8 
2 5 15 
2 17 11 
2 0 13 
2 5 13 
2 17 7 
2 16 3 
2 2 4 
2 16 18 
2 1 5 
2 1 14 
2 7 12 
2 18 9 
2 18 4 
2 16 15 
2 1 12 
2 18 15 
2 18 4 
2 0 13 
2 17 3 
2 10 14 
2 1 19 
2 19 12 
2 17 15 
2 17 8 
