10 26 26 true

10 3 2 15 19 19 1 4 10 12 
8 10 19 15 2 0 1 2 16 5 
9 10 1 6 6 0 8 13 16 4 
2 3 1 16 1 1 13 10 14 1 
3 7 19 4 17 5 10 7 5 1 
12 10 6 8 3 7 18 8 6 16 
10 10 5 10 0 2 7 1 19 6 
7 6 12 12 4 8 17 11 14 18 
13 12 7 17 5 8 18 2 5 14 
7 9 6 17 15 17 12 14 15 11 

2 1 8 
2 3 5 
2 5 9 
2 5 7 
2 3 4 
2 3 6 
2 1 4 
2 7 9 
2 4 7 
2 2 4 
2 1 9 
2 3 7 
2 7 9 
2 1 2 
2 0 3 
2 6 9 
2 3 9 
2 0 3 
2 4 9 
2 3 6 
2 1 2 
2 3 5 
2 5 7 
2 8 9 
2 3 6 
2 1 6 

2 1 9 
2 4 6 
2 3 7 
2 2 8 
2 3 6 
2 7 8 
2 1 2 
2 0 7 
2 3 7 
2 6 8 
2 5 6 
2 5 6 
2 8 9 
2 0 3 
2 1 6 
2 5 7 
2 1 9 
2 1 8 
2 7 8 
2 2 8 
2 7 9 
2 2 9 
2 2 6 
2 4 5 
2 4 8 
2 2 6 
