9 20 20 true

10 2 10 12 12 5 15 16 14 
10 15 14 6 18 4 13 14 8 
9 19 14 9 14 18 5 6 9 
16 19 17 11 0 19 8 1 6 
14 17 3 15 16 17 2 0 3 
12 12 14 4 1 19 15 6 1 
7 14 12 11 9 17 12 4 5 
1 18 9 9 4 16 16 4 1 
5 11 6 6 14 12 18 17 6 

2 0 3 
2 3 5 
2 4 7 
2 3 8 
2 5 8 
2 2 3 
2 5 8 
2 1 6 
2 2 6 
2 0 5 
2 6 8 
2 2 4 
2 2 7 
2 0 5 
2 2 3 
2 1 7 
2 2 3 
2 2 6 
2 3 4 
2 1 4 

2 0 6 
2 5 7 
2 0 1 
2 0 5 
2 0 8 
2 0 6 
2 4 7 
2 0 3 
2 0 3 
2 3 5 
2 1 6 
2 3 8 
2 2 4 
2 0 1 
2 4 8 
2 3 7 
2 7 8 
2 3 8 
2 4 7 
2 6 8 
