20 108 108 true

12 3 16 15 9 17 9 13 11 17 13 1 17 2 16 1 9 8 11 9 
3 6 11 8 9 14 6 18 4 17 15 0 16 17 14 16 17 11 14 13 
10 12 11 2 4 13 19 4 14 5 11 18 15 5 10 13 2 5 17 9 
2 5 19 8 3 18 12 17 12 6 10 18 14 10 11 18 17 17 18 18 
5 1 13 0 0 10 5 7 15 7 18 6 9 5 16 9 10 13 16 10 
13 10 10 9 9 17 12 17 11 15 4 2 5 9 11 11 9 3 18 13 
6 5 14 4 8 5 16 19 5 6 9 5 5 17 7 6 6 5 4 6 
0 18 16 14 0 2 3 14 10 1 4 17 7 5 19 13 1 12 4 6 
17 19 17 4 18 6 10 17 16 2 11 18 16 12 3 18 14 19 0 6 
5 14 3 6 10 18 12 18 2 12 13 4 11 16 7 19 9 6 7 4 
5 7 19 8 14 9 0 7 7 19 1 18 0 11 19 16 11 8 11 8 
13 9 4 17 13 8 3 9 3 9 5 9 0 9 13 10 7 8 11 2 
13 13 18 3 19 14 11 11 14 3 0 16 17 5 19 17 14 0 9 1 
6 18 11 15 10 5 1 6 0 16 6 16 15 11 16 12 2 9 5 16 
13 13 4 15 8 7 12 18 13 19 5 7 11 6 18 1 5 15 16 10 
15 1 7 18 10 14 7 7 15 10 18 18 4 12 12 19 9 4 19 2 
1 5 14 1 7 15 19 14 15 3 0 7 7 11 2 2 7 5 9 8 
5 8 4 1 7 0 0 4 8 9 19 17 17 8 10 8 3 15 4 14 
6 15 15 14 0 6 4 17 4 13 1 11 2 16 6 9 15 6 8 8 
17 11 3 12 13 2 9 14 7 16 3 19 14 2 7 3 0 1 11 4 

2 0 4 
2 1 3 
2 17 7 
2 7 11 
2 1 7 
2 17 18 
2 3 13 
2 9 12 
2 19 12 
2 8 10 
2 16 12 
2 2 4 
2 5 14 
2 16 3 
2 19 11 
2 7 9 
2 4 5 
2 12 13 
2 1 17 
2 0 3 
2 9 14 
2 17 19 
2 3 19 
2 3 12 
2 16 5 
2 6 13 
2 18 10 
2 19 13 
2 4 9 
2 3 11 
2 16 6 
2 16 18 
2 18 10 
2 0 14 
2 0 10 
2 4 10 
2 16 15 
2 8 13 
2 17 9 
2 1 14 
2 7 15 
2 3 15 
2 17 14 
2 16 17 
2 0 2 
2 16 15 
2 1 13 
2 2 6 
2 5 7 
2 18 10 
2 1 11 
2 19 8 
2 6 12 
2 1 14 
2 0 6 
2 6 10 
2 3 8 
2 1 7 
2 4 12 
2 1 6 
2 5 11 
2 0 2 
2 0 6 
2 2 15 
2 0 19 
2 9 10 
2 3 8 
2 5 10 
2 7 15 
2 0 3 
2 13 14 
2 16 18 
2 1 11 
2 2 18 
2 0 8 
2 0 3 
2 5 9 
2 18 10 
2 8 10 
2 6 10 
2 10 12 
2 1 18 
2 9 14 
2 3 7 
2 16 3 
2 1 13 
2 3 10 
2 3 12 
2 8 14 
2 17 1 
2 0 7 
2 0 11 
2 0 6 
2 16 3 
2 1 18 
2 2 18 
2 7 8 
2 5 12 
2 19 14 
2 11 12 
2 5 10 
2 1 4 
2 7 8 
2 4 9 
2 5 15 
2 18 14 
2 0 6 
2 17 19 

2 17 18 
2 1 8 
2 16 15 
2 17 19 
2 6 9 
2 0 2 
2 16 4 
2 18 14 
2 17 5 
2 16 5 
2 16 5 
2 0 12 
2 1 19 
2 11 15 
2 2 7 
2 16 11 
2 16 10 
2 10 12 
2 19 11 
2 19 15 
2 2 18 
2 0 10 
2 17 10 
2 16 6 
2 8 11 
2 12 13 
2 1 4 
2 4 14 
2 6 7 
2 6 15 
2 4 7 
2 2 9 
2 18 12 
2 0 2 
2 3 6 
2 10 13 
2 1 9 
2 6 10 
2 8 12 
2 7 12 
2 4 5 
2 18 9 
2 12 15 
2 10 13 
2 19 7 
2 5 12 
2 1 9 
2 16 17 
2 19 10 
2 16 7 
2 19 6 
2 16 3 
2 5 11 
2 4 5 
2 4 13 
2 18 14 
2 9 14 
2 9 11 
2 4 13 
2 18 13 
2 5 8 
2 19 6 
2 17 11 
2 0 5 
2 12 14 
2 2 11 
2 1 4 
2 3 9 
2 5 11 
2 17 8 
2 1 10 
2 5 7 
2 1 15 
2 18 6 
2 17 7 
2 12 13 
2 0 17 
2 5 11 
2 18 19 
2 6 9 
2 16 4 
2 6 14 
2 5 13 
2 5 10 
2 17 10 
2 6 9 
2 0 10 
2 4 7 
2 2 18 
2 3 7 
2 1 17 
2 6 14 
2 4 15 
2 1 3 
2 7 12 
2 3 15 
2 16 8 
2 13 15 
2 2 14 
2 18 15 
2 0 6 
2 12 15 
2 5 7 
2 8 14 
2 7 12 
2 3 9 
2 19 11 
2 14 15 
