10 39 39 true

11 18 18 13 7 10 6 17 18 9 
0 3 4 10 14 14 17 2 7 11 
4 5 13 3 2 14 7 16 14 15 
16 4 0 0 15 2 3 15 4 8 
18 16 19 8 8 7 6 2 3 11 
15 10 0 15 0 16 3 14 2 18 
10 16 6 19 14 5 4 14 9 18 
10 12 7 12 3 17 8 15 4 15 
16 11 10 12 19 15 4 13 8 13 
6 14 13 12 18 6 1 15 0 15 

2 1 5 
2 0 5 
2 0 4 
2 3 9 
2 0 5 
2 1 7 
2 0 4 
2 6 7 
2 0 2 
2 2 4 
2 1 5 
2 6 7 
2 1 4 
2 4 5 
2 2 7 
2 6 8 
2 0 4 
2 3 8 
2 0 6 
2 2 9 
2 0 1 
2 2 5 
2 1 2 
2 6 7 
2 2 7 
2 1 3 
2 1 2 
2 3 8 
2 7 9 
2 2 3 
2 6 7 
2 6 7 
2 0 2 
2 3 4 
2 5 6 
2 6 8 
2 2 5 
2 0 9 
2 3 5 

2 4 9 
2 1 9 
2 1 7 
2 1 7 
2 0 6 
2 1 4 
2 5 6 
2 0 5 
2 4 7 
2 6 7 
2 3 6 
2 2 6 
2 2 9 
2 0 2 
2 0 7 
2 2 8 
2 4 7 
2 0 7 
2 5 7 
2 3 5 
2 1 7 
2 7 9 
2 2 5 
2 6 8 
2 0 5 
2 2 3 
2 2 6 
2 2 6 
2 4 8 
2 0 2 
2 0 6 
2 8 9 
2 2 9 
2 3 5 
2 5 9 
2 3 4 
2 0 1 
2 3 4 
2 0 9 
