10 26 26 true

17 9 7 7 5 8 16 3 9 0 
19 11 18 10 4 12 2 6 0 3 
0 0 9 1 11 4 3 17 3 3 
5 2 2 4 4 17 1 12 6 5 
16 4 8 2 1 2 11 2 19 0 
3 16 16 7 3 14 4 10 2 7 
12 16 4 13 19 17 6 17 2 11 
1 17 10 10 16 9 0 13 0 8 
14 11 19 0 7 18 5 13 3 17 
0 14 7 4 18 5 1 13 16 0 

2 5 9 
2 0 6 
2 6 7 
2 3 9 
2 2 6 
2 3 7 
2 2 6 
2 3 5 
2 0 6 
2 2 5 
2 2 6 
2 5 6 
2 1 6 
2 4 6 
2 0 4 
2 1 8 
2 4 5 
2 2 4 
2 0 5 
2 2 9 
2 0 7 
2 0 6 
2 1 7 
2 5 7 
2 3 7 
2 5 7 

2 0 7 
2 4 5 
2 4 5 
2 6 9 
2 7 8 
2 0 3 
2 6 8 
2 0 8 
2 4 8 
2 3 8 
2 1 8 
2 1 6 
2 0 3 
2 0 8 
2 0 6 
2 1 6 
2 3 7 
2 8 9 
2 1 7 
2 1 3 
2 1 2 
2 7 8 
2 2 7 
2 2 3 
2 1 6 
2 7 8 
