20 96 96 true

0 14 8 4 13 10 8 7 5 14 16 11 18 11 13 14 2 14 17 11 
0 5 19 13 14 7 18 3 1 11 2 14 16 8 19 5 4 3 10 5 
16 16 2 9 7 8 4 1 8 3 11 7 6 11 5 3 3 12 19 6 
14 8 8 17 15 3 14 0 18 4 5 19 6 14 16 15 16 13 18 1 
19 7 15 15 16 7 8 12 0 13 5 16 12 4 14 18 15 18 1 10 
4 8 2 12 3 3 4 11 15 0 14 15 17 3 11 4 2 15 5 15 
13 14 10 18 14 16 1 18 19 13 14 10 4 12 0 5 7 1 17 2 
14 9 5 17 2 10 3 19 12 13 6 6 19 4 16 18 14 0 9 2 
14 15 12 10 7 14 11 8 8 2 12 5 8 19 0 19 6 14 12 2 
11 1 14 10 13 14 7 12 16 10 10 10 3 9 15 3 1 4 1 5 
0 19 8 17 17 9 15 19 9 16 13 12 4 5 2 18 0 6 1 11 
3 0 10 1 15 7 11 10 9 5 10 7 9 3 3 10 13 6 17 5 
9 19 7 19 19 12 8 9 19 12 5 4 18 4 2 5 18 17 19 1 
19 2 5 4 12 17 5 7 10 10 5 1 4 18 7 4 3 19 5 2 
12 14 5 5 8 3 19 11 13 14 2 14 19 12 11 5 16 19 7 18 
3 7 11 6 9 15 7 9 18 11 19 12 10 10 3 0 9 9 5 5 
7 15 5 8 16 11 6 0 17 6 2 2 5 15 2 1 14 4 12 13 
10 1 13 13 6 0 12 19 1 8 14 11 19 11 0 13 12 3 16 3 
6 13 6 18 15 12 9 14 2 5 5 10 6 6 18 11 9 14 9 8 
0 17 6 17 18 15 13 19 11 6 8 13 10 16 12 15 19 6 11 9 

2 5 15 
2 18 4 
2 8 11 
2 19 14 
2 9 12 
2 7 14 
2 5 8 
2 19 15 
2 11 12 
2 18 3 
2 17 5 
2 5 7 
2 8 10 
2 3 8 
2 12 13 
2 4 15 
2 17 18 
2 1 18 
2 3 4 
2 0 17 
2 0 2 
2 1 8 
2 19 9 
2 9 14 
2 18 9 
2 2 3 
2 0 8 
2 18 3 
2 2 8 
2 16 18 
2 5 14 
2 19 11 
2 17 3 
2 1 6 
2 7 15 
2 6 12 
2 18 13 
2 0 1 
2 18 6 
2 16 14 
2 0 4 
2 1 3 
2 5 7 
2 16 5 
2 3 14 
2 0 12 
2 13 14 
2 7 15 
2 18 11 
2 9 10 
2 5 9 
2 19 8 
2 13 14 
2 16 10 
2 5 9 
2 5 9 
2 0 14 
2 1 19 
2 17 8 
2 16 1 
2 1 13 
2 1 15 
2 19 14 
2 16 13 
2 19 9 
2 17 9 
2 0 15 
2 2 11 
2 18 6 
2 4 9 
2 8 14 
2 17 10 
2 7 11 
2 0 5 
2 5 15 
2 1 15 
2 1 8 
2 6 11 
2 17 18 
2 17 9 
2 4 12 
2 2 13 
2 9 15 
2 1 13 
2 5 11 
2 2 9 
2 8 11 
2 1 4 
2 9 13 
2 13 15 
2 2 10 
2 1 8 
2 19 5 
2 16 10 
2 18 5 
2 16 9 

2 2 6 
2 3 7 
2 9 14 
2 16 1 
2 6 14 
2 5 14 
2 18 14 
2 11 14 
2 1 3 
2 14 15 
2 8 9 
2 16 19 
2 2 3 
2 2 15 
2 1 18 
2 8 14 
2 16 11 
2 6 9 
2 4 14 
2 5 7 
2 18 10 
2 1 2 
2 0 19 
2 16 5 
2 16 10 
2 16 14 
2 17 15 
2 9 14 
2 3 6 
2 1 12 
2 1 12 
2 17 18 
2 19 12 
2 4 14 
2 0 4 
2 8 10 
2 10 15 
2 8 10 
2 17 9 
2 16 18 
2 18 12 
2 2 4 
2 16 10 
2 6 15 
2 6 9 
2 0 14 
2 3 5 
2 8 9 
2 5 10 
2 5 15 
2 16 18 
2 17 13 
2 3 14 
2 5 9 
2 18 11 
2 6 8 
2 4 15 
2 16 5 
2 0 5 
2 18 19 
2 0 6 
2 1 11 
2 17 5 
2 16 8 
2 16 14 
2 6 10 
2 17 11 
2 6 10 
2 18 7 
2 8 10 
2 0 8 
2 17 4 
2 1 18 
2 7 10 
2 0 6 
2 5 6 
2 2 5 
2 19 15 
2 3 7 
2 1 19 
2 19 6 
2 6 11 
2 7 15 
2 17 9 
2 2 19 
2 1 7 
2 1 5 
2 0 1 
2 1 12 
2 19 13 
2 17 9 
2 16 11 
2 5 12 
2 18 9 
2 5 14 
2 2 12 
