10 39 39 true

15 1 13 6 12 4 0 14 11 14 
2 7 0 11 1 0 12 2 19 9 
1 1 6 1 0 6 6 3 18 7 
12 8 3 2 12 19 13 12 18 19 
10 15 5 8 19 4 18 5 13 18 
4 5 14 5 5 19 8 2 15 5 
1 16 1 6 12 0 0 13 9 15 
14 15 10 4 12 12 12 16 13 19 
16 4 2 14 9 2 14 19 12 0 
16 4 14 18 6 13 17 9 5 12 

2 4 6 
2 1 3 
2 0 4 
2 3 9 
2 0 6 
2 5 8 
2 5 6 
2 3 5 
2 3 8 
2 1 4 
2 1 4 
2 1 4 
2 7 8 
2 3 9 
2 5 9 
2 0 1 
2 3 9 
2 5 9 
2 0 4 
2 2 8 
2 2 7 
2 6 9 
2 0 8 
2 5 7 
2 3 6 
2 3 9 
2 3 4 
2 0 9 
2 0 2 
2 2 4 
2 2 7 
2 1 3 
2 0 6 
2 0 2 
2 1 3 
2 0 4 
2 3 9 
2 0 6 
2 0 2 

2 5 9 
2 1 8 
2 2 3 
2 1 4 
2 5 9 
2 0 9 
2 0 1 
2 0 8 
2 4 6 
2 2 3 
2 2 5 
2 8 9 
2 0 3 
2 2 3 
2 2 7 
2 3 7 
2 3 5 
2 2 6 
2 0 3 
2 4 9 
2 7 9 
2 3 5 
2 3 4 
2 1 6 
2 1 7 
2 1 8 
2 3 5 
2 2 3 
2 2 4 
2 5 7 
2 0 5 
2 6 9 
2 6 9 
2 7 9 
2 2 7 
2 1 5 
2 3 4 
2 2 3 
2 2 4 
