10 40 40 true

9 16 12 9 16 11 19 19 14 4 
6 17 5 1 16 16 2 7 9 9 
6 18 19 4 19 0 5 8 7 1 
1 19 13 14 5 18 11 0 12 9 
0 5 3 3 3 17 11 9 14 11 
18 15 11 0 14 3 4 10 8 11 
12 14 2 1 16 13 1 2 16 8 
2 5 5 19 7 2 0 18 3 12 
11 16 5 17 2 10 17 18 3 15 
12 16 3 11 0 6 7 14 4 6 

2 3 7 
2 6 7 
2 0 8 
2 0 8 
2 0 3 
2 3 8 
2 5 6 
2 5 7 
2 0 6 
2 3 5 
2 2 3 
2 1 5 
2 2 9 
2 3 9 
2 4 9 
2 1 6 
2 5 8 
2 0 7 
2 3 6 
2 2 3 
2 6 9 
2 1 6 
2 0 2 
2 3 6 
2 1 9 
2 3 4 
2 1 2 
2 7 8 
2 8 9 
2 4 5 
2 0 7 
2 5 9 
2 0 4 
2 0 2 
2 3 4 
2 2 6 
2 3 7 
2 4 5 
2 0 8 
2 1 3 

2 6 9 
2 1 6 
2 0 9 
2 2 7 
2 5 8 
2 1 8 
2 0 2 
2 1 9 
2 1 9 
2 4 8 
2 1 4 
2 0 9 
2 2 8 
2 1 6 
2 2 8 
2 2 5 
2 1 3 
2 2 5 
2 1 7 
2 0 8 
2 0 9 
2 1 3 
2 1 2 
2 1 2 
2 1 4 
2 7 8 
2 0 9 
2 4 9 
2 1 8 
2 0 6 
2 0 6 
2 0 6 
2 3 6 
2 0 3 
2 0 6 
2 8 9 
2 1 3 
2 3 8 
2 3 9 
2 1 6 
