20 108 108 true

8 1 17 9 7 13 11 0 18 2 11 11 7 6 7 10 3 0 10 18 
13 9 16 1 17 0 14 15 14 11 3 0 5 18 6 11 13 0 17 7 
1 7 11 4 13 8 8 17 1 5 9 15 16 1 13 7 13 0 13 2 
18 0 0 10 17 19 17 13 4 18 13 5 17 2 15 14 0 18 15 10 
14 19 1 4 18 13 11 4 0 18 6 5 15 14 13 18 2 14 13 9 
9 6 15 18 3 8 1 10 4 4 10 10 0 6 10 7 6 13 18 4 
19 18 10 3 19 14 14 11 14 10 3 5 2 0 17 15 2 6 12 7 
11 8 18 8 15 19 10 15 17 12 4 12 0 15 10 8 6 4 13 13 
2 12 18 17 0 11 2 11 19 16 17 2 14 0 16 14 5 7 5 11 
5 17 19 7 19 13 11 1 10 17 19 17 10 1 1 4 1 11 0 14 
12 3 1 14 1 16 11 9 16 12 1 14 6 11 4 17 18 17 4 18 
2 17 12 2 16 10 18 18 4 2 14 16 10 0 5 6 3 14 16 14 
14 5 3 10 19 6 19 7 14 8 16 1 5 14 5 16 1 0 7 13 
2 0 1 10 3 14 15 16 8 7 15 17 15 6 8 1 15 3 5 13 
7 19 1 8 8 18 9 9 9 8 10 6 19 0 2 16 15 13 17 15 
10 19 11 19 0 10 13 2 19 16 12 15 2 14 19 9 7 0 16 16 
11 15 14 13 0 17 14 8 17 5 4 1 18 6 16 13 2 12 14 16 
12 10 12 18 0 11 16 9 3 6 0 15 9 12 3 18 16 5 5 18 
6 4 11 3 16 4 11 12 18 18 15 13 1 8 2 5 2 3 15 5 
1 2 12 18 2 16 8 19 14 8 7 12 12 7 18 12 16 6 8 9 

2 19 15 
2 19 4 
2 17 2 
2 19 8 
2 16 1 
2 5 7 
2 19 10 
2 4 5 
2 6 7 
2 0 9 
2 7 10 
2 17 4 
2 4 10 
2 16 19 
2 18 3 
2 12 14 
2 12 15 
2 4 15 
2 4 8 
2 6 13 
2 6 14 
2 5 11 
2 18 11 
2 6 8 
2 1 10 
2 17 12 
2 1 6 
2 7 8 
2 1 10 
2 9 14 
2 18 15 
2 9 11 
2 3 12 
2 1 6 
2 16 4 
2 6 9 
2 17 4 
2 2 10 
2 12 15 
2 17 7 
2 17 2 
2 19 12 
2 4 8 
2 3 10 
2 5 14 
2 19 8 
2 5 12 
2 5 15 
2 4 5 
2 6 15 
2 4 6 
2 16 2 
2 2 4 
2 17 4 
2 5 9 
2 0 5 
2 1 12 
2 8 10 
2 2 9 
2 0 1 
2 13 14 
2 18 15 
2 9 12 
2 2 6 
2 7 8 
2 18 5 
2 18 11 
2 18 2 
2 0 14 
2 17 6 
2 0 10 
2 1 19 
2 9 11 
2 8 10 
2 1 17 
2 17 3 
2 16 7 
2 6 14 
2 17 1 
2 16 8 
2 18 14 
2 4 9 
2 11 12 
2 18 9 
2 17 11 
2 10 13 
2 4 8 
2 19 10 
2 1 17 
2 10 15 
2 19 5 
2 1 10 
2 0 7 
2 4 15 
2 0 4 
2 1 8 
2 9 12 
2 16 7 
2 6 11 
2 5 13 
2 9 12 
2 5 14 
2 0 4 
2 7 11 
2 11 13 
2 8 15 
2 2 5 
2 1 8 

2 1 12 
2 17 2 
2 5 12 
2 6 7 
2 4 14 
2 5 15 
2 16 17 
2 17 3 
2 17 9 
2 1 6 
2 17 3 
2 16 1 
2 8 14 
2 0 6 
2 8 14 
2 19 11 
2 8 9 
2 0 3 
2 19 7 
2 4 15 
2 7 15 
2 13 14 
2 7 9 
2 16 12 
2 3 4 
2 8 9 
2 1 13 
2 3 8 
2 0 1 
2 16 12 
2 1 13 
2 0 4 
2 7 8 
2 10 12 
2 3 8 
2 4 8 
2 11 15 
2 16 0 
2 10 13 
2 4 9 
2 2 5 
2 17 7 
2 7 15 
2 19 15 
2 19 14 
2 4 9 
2 18 3 
2 8 13 
2 4 12 
2 10 15 
2 2 5 
2 16 15 
2 18 14 
2 16 5 
2 2 19 
2 2 13 
2 1 11 
2 0 19 
2 2 15 
2 16 7 
2 7 11 
2 16 1 
2 18 11 
2 5 15 
2 0 19 
2 2 6 
2 19 15 
2 1 3 
2 11 12 
2 2 3 
2 0 4 
2 4 10 
2 0 9 
2 18 12 
2 5 13 
2 3 6 
2 17 5 
2 17 19 
2 4 15 
2 6 8 
2 18 12 
2 7 9 
2 17 2 
2 16 14 
2 16 3 
2 13 14 
2 17 2 
2 14 15 
2 1 5 
2 6 9 
2 18 10 
2 2 15 
2 2 9 
2 7 13 
2 18 14 
2 4 6 
2 4 5 
2 18 6 
2 16 19 
2 19 6 
2 16 13 
2 10 14 
2 1 13 
2 17 5 
2 16 14 
2 2 13 
2 5 6 
2 2 3 
