10 26 26 true

8 9 8 13 14 14 17 15 14 0 
5 9 0 11 6 11 14 7 4 9 
15 8 13 5 6 19 11 8 1 7 
16 10 9 14 11 16 17 4 9 12 
1 15 5 7 2 12 16 14 8 11 
10 16 15 17 2 10 13 12 11 11 
12 12 3 1 16 10 8 4 3 7 
11 0 2 18 16 7 15 7 19 2 
17 3 14 15 11 3 18 1 6 12 
12 6 17 5 5 17 8 4 18 3 

2 6 8 
2 1 6 
2 1 4 
2 8 9 
2 0 5 
2 1 8 
2 1 2 
2 0 5 
2 6 7 
2 4 9 
2 1 8 
2 6 9 
2 0 2 
2 2 6 
2 1 2 
2 3 7 
2 0 8 
2 2 3 
2 8 9 
2 0 2 
2 1 8 
2 1 9 
2 0 3 
2 2 6 
2 7 8 
2 3 8 

2 4 8 
2 4 5 
2 0 7 
2 0 3 
2 6 7 
2 2 8 
2 2 3 
2 1 6 
2 3 9 
2 4 6 
2 4 6 
2 2 8 
2 1 9 
2 1 5 
2 7 9 
2 0 4 
2 0 7 
2 5 9 
2 7 8 
2 5 9 
2 5 9 
2 1 3 
2 1 3 
2 5 8 
2 4 6 
2 1 2 
