10 36 36 true

17 19 14 6 13 12 12 8 15 11 
18 11 11 15 9 16 15 13 3 6 
9 17 10 10 13 15 9 14 4 3 
19 1 7 3 4 7 13 17 9 6 
19 16 16 15 18 13 2 10 7 12 
19 0 2 1 11 0 7 15 17 4 
5 5 11 14 14 13 1 11 12 14 
0 15 16 9 15 17 19 12 2 1 
10 8 6 5 6 8 16 14 9 6 
12 0 2 19 0 7 16 6 3 16 

2 3 8 
2 6 7 
2 2 6 
2 0 4 
2 2 3 
2 0 3 
2 2 9 
2 3 7 
2 0 1 
2 7 8 
2 2 5 
2 0 5 
2 2 8 
2 6 7 
2 7 9 
2 4 8 
2 0 7 
2 1 9 
2 7 9 
2 4 8 
2 0 3 
2 3 9 
2 4 5 
2 6 8 
2 1 9 
2 2 8 
2 2 5 
2 2 4 
2 6 7 
2 3 6 
2 0 8 
2 8 9 
2 1 3 
2 0 9 
2 5 6 
2 4 6 

2 1 8 
2 7 9 
2 4 9 
2 0 8 
2 3 6 
2 2 4 
2 0 1 
2 2 8 
2 5 6 
2 0 7 
2 4 8 
2 2 8 
2 1 7 
2 2 4 
2 1 4 
2 0 1 
2 4 8 
2 5 6 
2 3 4 
2 3 4 
2 1 6 
2 3 8 
2 3 7 
2 0 1 
2 5 8 
2 0 1 
2 1 8 
2 6 9 
2 1 2 
2 2 8 
2 2 3 
2 3 8 
2 0 9 
2 7 9 
2 4 8 
2 1 3 
