20 106 106 true

11 2 7 10 7 5 16 11 8 12 14 9 6 19 8 3 14 15 1 7 
19 3 18 19 17 10 1 15 9 7 18 11 10 7 12 13 8 18 14 0 
3 7 12 6 18 4 4 15 8 16 12 16 1 18 12 18 2 1 18 2 
19 2 4 14 18 10 3 14 9 15 15 1 2 10 9 11 16 17 15 19 
7 4 5 18 0 8 1 0 4 17 14 8 6 0 3 12 19 6 3 18 
15 9 12 19 9 7 19 2 8 0 0 10 0 0 16 14 8 13 15 10 
10 3 12 17 16 10 19 13 11 7 9 1 2 11 8 12 18 8 10 10 
0 15 19 5 9 0 3 14 15 13 19 0 2 12 12 9 16 6 17 12 
12 9 18 5 2 11 3 16 16 3 3 7 14 1 0 9 11 0 7 5 
13 5 16 4 15 5 17 13 1 9 8 10 19 9 8 6 17 11 7 9 
11 9 1 3 4 13 8 7 13 4 4 15 6 8 10 10 15 13 18 5 
18 1 1 16 15 11 18 5 1 2 0 7 18 19 12 10 18 18 4 16 
5 6 16 15 18 3 14 9 10 17 10 4 7 11 19 6 14 0 13 18 
17 18 9 17 16 18 8 11 4 10 19 14 9 5 8 2 17 15 1 8 
11 6 6 16 9 13 2 6 14 1 14 4 8 8 3 16 9 3 3 6 
15 2 2 19 7 3 6 17 10 8 5 17 15 14 8 13 16 16 14 7 
16 0 13 13 10 7 9 0 2 9 1 18 14 13 12 12 7 10 18 8 
13 4 13 12 13 13 11 9 3 5 7 0 4 1 12 18 9 5 14 14 
6 2 1 14 5 2 0 0 0 11 18 12 12 12 5 16 12 19 0 9 
3 17 13 19 11 17 19 7 3 18 1 9 11 0 16 3 15 1 16 12 

2 4 9 
2 1 18 
2 4 11 
2 0 9 
2 18 10 
2 18 8 
2 18 6 
2 17 8 
2 7 15 
2 18 4 
2 4 5 
2 6 8 
2 6 13 
2 1 13 
2 17 11 
2 3 6 
2 17 14 
2 2 5 
2 1 13 
2 3 10 
2 5 6 
2 4 12 
2 3 14 
2 8 9 
2 7 9 
2 5 7 
2 10 11 
2 17 4 
2 5 11 
2 1 12 
2 5 12 
2 2 14 
2 0 5 
2 9 12 
2 16 3 
2 19 10 
2 3 7 
2 18 12 
2 1 19 
2 5 7 
2 17 12 
2 16 0 
2 2 14 
2 17 5 
2 18 9 
2 2 11 
2 16 19 
2 16 7 
2 3 11 
2 1 12 
2 5 8 
2 18 14 
2 16 6 
2 2 7 
2 16 3 
2 3 8 
2 10 13 
2 1 5 
2 5 11 
2 17 3 
2 16 4 
2 1 13 
2 2 4 
2 4 9 
2 6 12 
2 17 19 
2 11 14 
2 11 14 
2 2 14 
2 10 12 
2 1 3 
2 16 4 
2 2 4 
2 16 10 
2 1 9 
2 0 7 
2 8 12 
2 17 6 
2 2 6 
2 19 9 
2 2 15 
2 16 19 
2 5 8 
2 16 4 
2 9 15 
2 0 4 
2 2 9 
2 17 2 
2 0 14 
2 17 10 
2 5 13 
2 7 11 
2 16 5 
2 18 9 
2 4 7 
2 16 18 
2 19 11 
2 3 19 
2 17 19 
2 19 11 
2 4 12 
2 12 13 
2 4 10 
2 3 9 
2 16 11 
2 0 3 

2 9 15 
2 16 7 
2 5 10 
2 11 15 
2 1 11 
2 16 14 
2 9 15 
2 12 13 
2 18 4 
2 4 15 
2 2 3 
2 0 18 
2 2 10 
2 17 9 
2 1 13 
2 3 14 
2 12 14 
2 1 8 
2 19 4 
2 5 14 
2 10 12 
2 6 12 
2 3 4 
2 3 14 
2 19 15 
2 16 3 
2 16 1 
2 16 2 
2 2 11 
2 0 7 
2 5 15 
2 7 14 
2 7 10 
2 0 3 
2 8 14 
2 9 11 
2 9 11 
2 1 12 
2 17 8 
2 3 10 
2 16 7 
2 16 9 
2 18 7 
2 10 14 
2 10 14 
2 3 12 
2 2 6 
2 19 7 
2 6 7 
2 17 11 
2 0 12 
2 5 7 
2 10 15 
2 3 12 
2 18 13 
2 5 13 
2 18 13 
2 19 13 
2 2 19 
2 5 12 
2 17 15 
2 3 15 
2 17 12 
2 3 10 
2 18 14 
2 5 13 
2 4 15 
2 7 11 
2 19 7 
2 18 10 
2 17 18 
2 3 13 
2 7 10 
2 1 12 
2 2 12 
2 7 15 
2 9 11 
2 16 18 
2 8 9 
2 9 12 
2 16 9 
2 19 3 
2 3 9 
2 7 10 
2 8 14 
2 17 9 
2 4 9 
2 17 19 
2 2 3 
2 5 12 
2 1 3 
2 7 8 
2 18 10 
2 3 14 
2 19 11 
2 19 12 
2 1 15 
2 18 14 
2 7 14 
2 17 4 
2 9 12 
2 1 11 
2 1 10 
2 2 14 
2 4 15 
2 0 17 
