10 23 23 true

16 15 4 16 6 3 6 19 6 18 
14 8 13 11 0 9 9 11 2 10 
0 1 9 14 2 7 11 11 10 10 
12 17 15 1 14 1 4 17 14 3 
0 13 19 16 15 15 19 17 6 7 
13 7 10 8 1 9 1 10 16 19 
13 7 15 5 7 18 7 14 19 17 
18 13 14 12 10 0 5 15 7 9 
12 8 8 9 18 15 19 7 9 2 
6 13 6 10 8 19 16 8 3 6 

2 6 8 
2 1 7 
2 0 9 
2 3 9 
2 1 2 
2 5 8 
2 5 6 
2 4 8 
2 3 6 
2 1 3 
2 1 9 
2 6 9 
2 0 9 
2 1 6 
2 0 6 
2 2 9 
2 0 6 
2 2 3 
2 5 6 
2 1 2 
2 7 9 
2 4 7 
2 3 4 

2 3 4 
2 1 9 
2 4 9 
2 0 1 
2 2 8 
2 3 8 
2 1 7 
2 5 9 
2 2 9 
2 0 8 
2 7 9 
2 3 5 
2 1 6 
2 4 5 
2 1 9 
2 3 6 
2 6 7 
2 3 6 
2 5 6 
2 6 9 
2 0 1 
2 6 7 
2 5 9 
