10 39 39 true

14 7 1 12 2 2 14 15 4 12 
12 14 13 8 5 7 15 10 15 13 
5 19 15 6 4 7 13 5 15 10 
6 19 7 17 14 7 7 15 18 14 
4 3 9 3 16 8 17 18 3 15 
19 12 7 5 15 10 18 11 8 7 
10 3 19 9 3 7 10 4 11 16 
1 18 11 2 16 18 5 7 0 8 
13 10 14 12 1 15 4 1 4 15 
17 9 18 14 16 12 19 6 4 12 

2 1 8 
2 1 6 
2 1 6 
2 1 3 
2 2 5 
2 4 5 
2 2 3 
2 2 7 
2 2 3 
2 6 9 
2 5 7 
2 3 6 
2 6 7 
2 2 5 
2 1 3 
2 6 8 
2 4 8 
2 0 2 
2 0 3 
2 3 9 
2 0 4 
2 0 6 
2 5 6 
2 7 8 
2 3 4 
2 3 8 
2 0 8 
2 8 9 
2 3 5 
2 1 4 
2 0 8 
2 4 7 
2 1 8 
2 0 8 
2 0 2 
2 2 6 
2 4 5 
2 1 6 
2 5 9 

2 1 3 
2 2 8 
2 0 4 
2 0 5 
2 5 8 
2 0 1 
2 4 8 
2 3 5 
2 4 7 
2 4 5 
2 0 9 
2 5 6 
2 3 5 
2 0 7 
2 5 9 
2 3 9 
2 0 8 
2 0 9 
2 1 4 
2 0 7 
2 7 9 
2 1 4 
2 0 2 
2 3 7 
2 2 8 
2 6 7 
2 0 9 
2 7 9 
2 7 9 
2 0 4 
2 8 9 
2 0 1 
2 0 6 
2 3 9 
2 0 2 
2 7 8 
2 1 7 
2 3 4 
2 4 6 
