20 167 167 true

1 18 19 8 15 14 11 12 11 3 15 19 5 5 11 1 0 19 1 19 
9 5 5 9 11 1 12 4 6 16 6 13 10 1 6 5 2 6 3 2 
9 10 11 9 13 3 1 10 13 0 13 10 10 17 5 5 1 12 8 5 
18 5 0 1 10 8 10 8 12 17 15 19 8 9 9 7 18 18 1 6 
19 17 8 5 7 3 17 16 11 11 19 16 18 2 18 10 11 8 1 3 
3 12 19 9 9 12 2 8 17 17 12 12 15 2 14 1 15 9 1 9 
3 9 11 3 17 4 7 7 7 4 17 18 17 17 14 8 19 3 16 17 
7 5 6 6 1 11 10 3 19 6 5 16 15 9 5 11 4 19 19 9 
10 7 7 18 19 16 17 17 11 17 7 15 15 1 16 14 12 7 18 3 
5 3 18 3 15 13 9 8 7 19 16 2 14 0 14 1 19 3 13 0 
5 2 4 8 3 2 0 3 8 17 7 17 0 16 10 17 2 11 16 10 
12 17 1 4 8 19 2 17 12 19 7 0 7 17 2 6 9 13 3 15 
0 7 4 0 16 16 10 6 5 13 11 15 17 4 4 18 15 4 12 8 
18 7 2 17 14 4 15 15 15 2 1 19 17 12 0 13 13 0 16 10 
5 5 14 5 5 5 15 6 8 12 11 2 11 14 10 7 16 9 17 18 
8 13 9 19 15 1 15 14 15 14 7 3 19 11 14 14 1 16 16 1 
12 2 12 14 3 7 15 5 15 10 3 10 15 7 19 15 19 0 11 15 
1 13 12 17 12 17 13 2 2 5 1 10 6 19 11 7 11 11 14 5 
9 11 16 13 2 5 9 19 14 15 1 0 2 4 11 8 4 16 18 2 
10 7 5 8 9 15 3 15 2 6 15 15 15 19 2 11 19 13 1 11 

2 19 15 
2 17 7 
2 2 7 
2 6 15 
2 2 12 
2 8 10 
2 1 14 
2 1 10 
2 6 10 
2 2 8 
2 2 5 
2 2 9 
2 2 15 
2 7 15 
2 17 15 
2 18 10 
2 18 4 
2 16 4 
2 7 9 
2 7 9 
2 4 6 
2 5 7 
2 8 13 
2 2 14 
2 13 14 
2 19 4 
2 1 6 
2 19 15 
2 18 9 
2 9 14 
2 16 5 
2 19 11 
2 0 1 
2 5 7 
2 8 10 
2 0 14 
2 3 7 
2 2 6 
2 17 18 
2 12 13 
2 17 5 
2 17 19 
2 16 19 
2 5 8 
2 3 9 
2 18 8 
2 4 8 
2 3 5 
2 16 17 
2 8 10 
2 18 12 
2 1 4 
2 16 4 
2 0 14 
2 0 5 
2 19 5 
2 16 3 
2 5 8 
2 3 6 
2 6 11 
2 1 5 
2 19 9 
2 8 10 
2 17 4 
2 18 3 
2 17 13 
2 17 12 
2 6 13 
2 10 13 
2 2 11 
2 5 6 
2 4 14 
2 2 15 
2 19 4 
2 16 15 
2 4 13 
2 1 13 
2 0 17 
2 1 10 
2 10 12 
2 3 9 
2 17 2 
2 7 9 
2 1 5 
2 13 15 
2 5 9 
2 3 11 
2 16 11 
2 9 12 
2 3 13 
2 16 3 
2 1 5 
2 16 18 
2 2 18 
2 4 8 
2 7 13 
2 0 2 
2 7 14 
2 2 7 
2 10 12 
2 18 9 
2 1 6 
2 1 2 
2 4 6 
2 18 11 
2 19 11 
2 7 8 
2 18 10 
2 17 4 
2 17 14 
2 2 14 
2 8 12 
2 11 13 
2 18 15 
2 2 6 
2 6 14 
2 4 12 
2 18 12 
2 18 5 
2 0 4 
2 1 19 
2 2 11 
2 17 2 
2 18 8 
2 3 14 
2 4 12 
2 4 9 
2 1 18 
2 1 6 
2 0 1 
2 16 11 
2 13 15 
2 10 11 
2 10 13 
2 16 15 
2 0 15 
2 19 8 
2 2 11 
2 6 9 
2 0 12 
2 10 13 
2 11 14 
2 3 11 
2 17 13 
2 4 10 
2 2 11 
2 17 9 
2 11 13 
2 6 8 
2 0 16 
2 5 14 
2 0 1 
2 17 4 
2 7 12 
2 2 3 
2 10 15 
2 4 11 
2 0 13 
2 19 6 
2 0 14 
2 2 4 
2 2 12 
2 18 14 
2 8 15 
2 1 13 
2 17 4 
2 0 4 

2 3 7 
2 3 9 
2 16 13 
2 6 14 
2 16 4 
2 1 18 
2 18 3 
2 7 12 
2 6 8 
2 9 12 
2 10 14 
2 0 2 
2 0 9 
2 10 12 
2 4 7 
2 3 4 
2 19 11 
2 6 14 
2 9 15 
2 4 15 
2 7 10 
2 7 15 
2 4 8 
2 0 2 
2 1 4 
2 17 12 
2 5 12 
2 17 4 
2 8 13 
2 4 13 
2 3 15 
2 17 15 
2 16 8 
2 7 15 
2 4 13 
2 0 3 
2 17 6 
2 16 10 
2 3 19 
2 16 4 
2 4 5 
2 19 14 
2 6 7 
2 11 12 
2 16 12 
2 8 11 
2 6 10 
2 7 14 
2 17 10 
2 18 9 
2 18 8 
2 16 7 
2 18 9 
2 17 6 
2 3 12 
2 18 3 
2 1 10 
2 6 13 
2 1 19 
2 7 13 
2 16 12 
2 18 6 
2 16 14 
2 17 18 
2 0 10 
2 16 8 
2 6 8 
2 16 4 
2 5 15 
2 16 14 
2 10 11 
2 1 3 
2 18 4 
2 17 14 
2 7 15 
2 1 8 
2 7 11 
2 13 14 
2 9 13 
2 1 17 
2 18 7 
2 18 6 
2 0 8 
2 18 14 
2 5 11 
2 17 6 
2 1 13 
2 16 11 
2 3 4 
2 18 2 
2 1 4 
2 2 9 
2 1 14 
2 9 13 
2 5 8 
2 19 15 
2 3 14 
2 1 14 
2 1 5 
2 18 13 
2 4 9 
2 18 19 
2 3 11 
2 6 8 
2 18 11 
2 18 14 
2 17 11 
2 17 12 
2 5 9 
2 16 4 
2 17 14 
2 6 13 
2 10 15 
2 16 1 
2 18 11 
2 7 8 
2 6 15 
2 6 11 
2 16 1 
2 0 14 
2 5 7 
2 0 10 
2 9 10 
2 18 12 
2 7 13 
2 9 11 
2 2 4 
2 17 14 
2 7 13 
2 1 6 
2 10 12 
2 2 11 
2 16 5 
2 16 0 
2 1 5 
2 5 6 
2 1 3 
2 0 5 
2 19 7 
2 19 15 
2 4 8 
2 3 12 
2 16 1 
2 17 19 
2 18 2 
2 1 11 
2 10 12 
2 0 13 
2 16 3 
2 17 8 
2 0 1 
2 19 4 
2 1 18 
2 8 12 
2 19 10 
2 18 12 
2 19 10 
2 19 4 
2 0 8 
2 0 19 
2 4 9 
2 2 14 
2 2 8 
2 9 13 
2 0 18 
2 16 2 
2 1 7 
