20 169 169 true

10 16 9 7 12 18 5 7 16 6 15 5 3 5 13 14 18 0 17 10 
0 4 18 11 9 8 7 2 6 2 0 8 10 19 1 1 15 1 13 10 
13 12 9 17 3 2 11 13 3 7 6 8 5 12 18 13 13 13 5 3 
1 14 15 8 2 4 14 16 1 1 7 3 18 19 13 18 4 6 18 0 
13 13 18 3 2 1 9 13 5 14 12 19 8 9 1 17 17 0 10 17 
18 4 4 7 10 7 4 14 14 11 6 15 4 10 14 6 5 7 7 9 
11 6 3 4 5 11 13 10 14 16 0 15 8 11 3 11 16 5 12 17 
4 7 0 3 18 1 18 18 16 16 10 11 1 16 1 1 14 8 0 4 
13 19 0 14 5 10 2 8 9 17 14 19 13 8 7 7 14 5 5 6 
13 11 18 2 12 12 5 15 3 17 0 0 11 6 4 13 14 14 4 5 
18 4 4 12 0 6 14 18 11 2 5 3 17 1 1 0 12 12 5 6 
4 6 14 17 16 18 1 3 16 16 5 14 6 9 14 11 16 6 16 19 
10 14 1 15 9 0 13 7 19 3 4 1 13 4 14 1 4 9 7 16 
16 10 5 16 11 11 0 0 7 10 4 0 14 10 0 0 17 13 6 18 
5 19 6 1 4 9 11 17 12 15 8 11 19 15 6 11 10 14 15 17 
12 16 13 15 14 13 13 0 17 12 17 5 8 1 9 12 18 10 8 5 
9 10 13 6 5 3 7 3 16 12 16 2 17 4 1 19 1 6 18 17 
1 9 13 5 12 8 16 2 16 7 16 14 14 19 18 13 10 5 18 7 
12 18 3 14 18 13 2 16 8 8 5 6 1 7 17 5 3 18 3 6 
4 16 3 10 11 1 5 16 19 19 3 7 2 10 2 5 19 13 9 10 

2 18 7 
2 8 13 
2 0 5 
2 17 12 
2 6 13 
2 2 15 
2 18 10 
2 6 14 
2 9 12 
2 19 9 
2 3 15 
2 3 5 
2 9 14 
2 0 16 
2 10 15 
2 17 19 
2 7 13 
2 18 10 
2 18 4 
2 9 13 
2 1 14 
2 17 7 
2 0 5 
2 4 5 
2 11 12 
2 4 13 
2 0 3 
2 16 9 
2 1 18 
2 4 12 
2 5 15 
2 2 11 
2 2 13 
2 7 9 
2 17 19 
2 16 5 
2 0 5 
2 17 3 
2 2 19 
2 6 7 
2 5 8 
2 6 8 
2 18 6 
2 2 8 
2 2 8 
2 3 6 
2 7 10 
2 5 12 
2 13 14 
2 19 7 
2 18 19 
2 17 11 
2 1 2 
2 3 7 
2 10 11 
2 17 9 
2 18 13 
2 1 15 
2 4 15 
2 3 7 
2 8 9 
2 2 15 
2 5 13 
2 19 14 
2 1 7 
2 0 13 
2 17 12 
2 10 15 
2 2 6 
2 8 12 
2 13 14 
2 3 7 
2 16 2 
2 17 10 
2 3 7 
2 1 17 
2 8 15 
2 2 18 
2 19 9 
2 7 9 
2 0 8 
2 16 0 
2 3 12 
2 0 6 
2 18 4 
2 19 8 
2 8 13 
2 17 7 
2 18 7 
2 6 10 
2 3 14 
2 19 13 
2 19 13 
2 18 5 
2 16 12 
2 18 11 
2 2 11 
2 17 9 
2 16 13 
2 3 9 
2 3 12 
2 2 19 
2 16 13 
2 0 2 
2 17 8 
2 3 10 
2 7 10 
2 18 14 
2 0 10 
2 3 8 
2 0 2 
2 4 15 
2 8 14 
2 6 15 
2 17 14 
2 2 9 
2 11 12 
2 17 11 
2 11 12 
2 3 7 
2 17 15 
2 5 13 
2 5 13 
2 16 0 
2 4 6 
2 9 12 
2 18 2 
2 16 5 
2 17 13 
2 3 9 
2 2 9 
2 7 12 
2 18 8 
2 8 9 
2 3 19 
2 4 13 
2 1 14 
2 16 3 
2 0 4 
2 16 1 
2 14 15 
2 17 5 
2 1 14 
2 0 18 
2 8 12 
2 18 5 
2 3 19 
2 16 1 
2 16 10 
2 12 14 
2 19 7 
2 11 14 
2 3 13 
2 0 10 
2 18 7 
2 0 18 
2 18 5 
2 18 8 
2 0 8 
2 16 6 
2 19 9 
2 0 16 
2 4 10 
2 17 5 
2 6 9 
2 5 13 
2 19 10 
2 11 14 
2 19 6 

2 19 11 
2 8 11 
2 16 3 
2 18 4 
2 4 12 
2 6 14 
2 0 4 
2 16 9 
2 16 6 
2 8 10 
2 4 11 
2 17 7 
2 19 7 
2 10 15 
2 8 12 
2 4 8 
2 18 13 
2 8 10 
2 0 10 
2 13 14 
2 1 2 
2 19 3 
2 6 9 
2 8 11 
2 0 2 
2 4 12 
2 19 15 
2 19 14 
2 0 12 
2 6 11 
2 6 10 
2 17 14 
2 16 4 
2 16 10 
2 18 11 
2 7 14 
2 17 12 
2 1 15 
2 1 10 
2 16 18 
2 17 8 
2 2 11 
2 5 7 
2 0 15 
2 19 9 
2 3 14 
2 1 14 
2 17 8 
2 17 4 
2 17 5 
2 10 14 
2 7 9 
2 7 12 
2 9 13 
2 4 5 
2 17 6 
2 17 8 
2 16 18 
2 5 12 
2 17 14 
2 18 12 
2 12 13 
2 17 10 
2 1 10 
2 2 6 
2 5 10 
2 3 12 
2 13 15 
2 2 11 
2 3 11 
2 2 14 
2 10 11 
2 19 9 
2 18 6 
2 0 19 
2 0 13 
2 1 7 
2 6 8 
2 7 12 
2 11 13 
2 18 11 
2 17 4 
2 0 4 
2 17 2 
2 10 12 
2 14 15 
2 2 3 
2 16 13 
2 8 11 
2 5 8 
2 16 17 
2 16 9 
2 5 13 
2 19 7 
2 0 9 
2 3 6 
2 17 19 
2 0 18 
2 0 6 
2 1 6 
2 12 13 
2 6 9 
2 3 14 
2 17 10 
2 18 3 
2 0 4 
2 10 11 
2 19 11 
2 17 19 
2 17 4 
2 1 9 
2 2 3 
2 6 10 
2 8 12 
2 1 9 
2 11 12 
2 18 10 
2 11 15 
2 16 12 
2 8 14 
2 0 11 
2 0 7 
2 0 13 
2 6 14 
2 7 13 
2 1 2 
2 19 3 
2 7 13 
2 8 13 
2 18 15 
2 16 18 
2 0 15 
2 7 10 
2 6 14 
2 16 14 
2 2 14 
2 0 8 
2 17 15 
2 2 4 
2 17 13 
2 16 0 
2 0 7 
2 5 14 
2 16 6 
2 18 11 
2 6 14 
2 18 4 
2 3 8 
2 16 12 
2 3 14 
2 9 13 
2 1 7 
2 1 11 
2 18 8 
2 1 9 
2 16 11 
2 16 11 
2 0 18 
2 8 9 
2 2 6 
2 2 11 
2 16 3 
2 16 7 
2 2 15 
2 3 7 
2 7 8 
2 19 10 
2 4 9 
2 17 5 
