20 153 153 true

9 11 0 14 2 6 18 9 2 4 19 10 12 1 13 2 11 15 5 12 
8 14 4 7 0 17 14 2 6 8 19 4 2 6 4 17 13 17 18 15 
3 4 12 7 17 9 10 14 9 2 5 11 1 14 11 1 2 19 7 19 
6 11 12 3 1 15 19 17 7 18 3 7 8 17 15 5 11 13 13 10 
5 12 13 6 12 19 17 19 2 14 18 0 4 4 19 4 9 5 10 17 
0 2 2 5 0 7 13 4 4 8 6 0 1 17 7 13 7 3 16 9 
1 4 9 17 2 10 12 16 1 7 15 2 14 4 13 7 8 12 1 12 
0 9 19 11 9 8 4 17 14 19 8 1 18 13 5 11 11 19 19 7 
11 4 14 18 7 17 5 12 2 8 2 9 12 19 19 7 9 1 0 16 
1 17 12 6 18 0 9 10 16 9 16 0 15 18 19 0 0 10 6 19 
10 4 8 4 0 6 19 19 16 5 0 12 15 2 17 1 10 6 19 18 
5 18 9 18 8 13 2 1 14 6 3 15 19 16 8 1 11 6 10 3 
16 19 14 3 16 17 11 3 14 17 1 8 17 14 18 2 1 16 4 15 
4 17 15 10 5 8 9 7 2 3 4 6 13 19 19 19 6 3 12 14 
9 13 5 14 17 6 9 14 7 11 14 16 9 2 11 0 18 10 6 11 
5 1 9 9 2 19 19 16 3 14 2 7 15 2 6 11 12 11 9 6 
14 6 15 0 15 8 17 15 4 6 16 2 14 0 1 14 3 4 7 19 
6 5 2 0 19 14 18 5 17 2 11 8 15 10 0 15 13 13 19 4 
0 0 19 10 7 19 14 13 10 4 15 12 18 7 6 11 6 4 1 9 
9 15 17 4 5 13 7 10 13 10 3 8 6 16 0 0 5 10 8 14 

2 18 5 
2 7 13 
2 0 1 
2 2 19 
2 11 13 
2 4 7 
2 0 10 
2 10 14 
2 17 4 
2 11 12 
2 17 6 
2 1 9 
2 1 8 
2 8 13 
2 12 14 
2 4 7 
2 18 15 
2 16 12 
2 16 5 
2 2 3 
2 17 2 
2 1 3 
2 17 5 
2 16 8 
2 16 5 
2 3 4 
2 9 15 
2 18 4 
2 10 12 
2 16 9 
2 4 5 
2 8 9 
2 0 4 
2 8 15 
2 7 8 
2 18 4 
2 0 7 
2 5 13 
2 6 10 
2 3 5 
2 9 15 
2 1 11 
2 19 10 
2 7 13 
2 2 13 
2 19 6 
2 19 4 
2 0 11 
2 16 4 
2 14 15 
2 0 14 
2 11 13 
2 17 9 
2 2 14 
2 4 7 
2 19 4 
2 18 3 
2 4 13 
2 16 2 
2 19 11 
2 3 8 
2 17 13 
2 17 7 
2 11 14 
2 0 11 
2 13 14 
2 9 10 
2 1 5 
2 8 13 
2 3 14 
2 8 14 
2 16 12 
2 16 0 
2 7 8 
2 0 3 
2 0 17 
2 17 9 
2 9 12 
2 16 14 
2 1 6 
2 16 5 
2 0 5 
2 2 12 
2 5 11 
2 9 10 
2 17 18 
2 5 11 
2 12 14 
2 7 11 
2 10 12 
2 0 12 
2 18 4 
2 2 11 
2 18 4 
2 16 9 
2 11 12 
2 0 2 
2 6 7 
2 17 7 
2 19 5 
2 19 4 
2 19 10 
2 10 15 
2 17 11 
2 1 12 
2 3 7 
2 16 0 
2 4 11 
2 6 7 
2 5 12 
2 18 19 
2 0 9 
2 16 11 
2 16 5 
2 1 17 
2 9 15 
2 5 15 
2 6 12 
2 1 15 
2 19 10 
2 13 15 
2 4 11 
2 16 9 
2 4 12 
2 1 9 
2 16 17 
2 16 5 
2 1 9 
2 16 19 
2 10 14 
2 19 8 
2 0 17 
2 17 10 
2 8 11 
2 2 8 
2 17 9 
2 18 12 
2 19 8 
2 1 3 
2 17 8 
2 2 7 
2 9 13 
2 18 9 
2 2 12 
2 3 13 
2 2 12 
2 17 18 
2 6 13 
2 16 14 
2 19 4 
2 7 12 
2 17 4 
2 2 15 

2 6 9 
2 14 15 
2 1 15 
2 8 12 
2 0 14 
2 13 14 
2 17 7 
2 16 4 
2 17 19 
2 7 13 
2 4 10 
2 4 7 
2 17 10 
2 16 11 
2 9 12 
2 0 13 
2 0 16 
2 4 7 
2 1 14 
2 0 19 
2 7 14 
2 2 3 
2 16 13 
2 2 11 
2 12 15 
2 19 5 
2 10 13 
2 2 7 
2 0 1 
2 16 1 
2 12 13 
2 18 19 
2 18 6 
2 17 19 
2 11 15 
2 17 4 
2 9 12 
2 6 7 
2 0 3 
2 9 11 
2 5 6 
2 19 7 
2 1 8 
2 14 15 
2 19 7 
2 17 19 
2 9 15 
2 16 7 
2 8 9 
2 1 12 
2 2 15 
2 17 19 
2 17 3 
2 6 11 
2 0 3 
2 0 11 
2 16 10 
2 16 10 
2 0 9 
2 18 19 
2 5 15 
2 5 8 
2 17 12 
2 0 10 
2 6 10 
2 6 8 
2 9 12 
2 6 9 
2 0 17 
2 1 6 
2 0 8 
2 10 12 
2 16 17 
2 17 3 
2 0 18 
2 18 9 
2 1 11 
2 1 18 
2 0 6 
2 19 8 
2 16 4 
2 9 10 
2 11 14 
2 4 8 
2 5 8 
2 2 13 
2 2 7 
2 16 0 
2 16 14 
2 7 10 
2 12 13 
2 3 5 
2 0 5 
2 0 10 
2 0 14 
2 2 18 
2 6 7 
2 4 9 
2 6 11 
2 17 19 
2 0 2 
2 8 13 
2 0 11 
2 18 7 
2 2 13 
2 17 6 
2 6 8 
2 17 19 
2 3 11 
2 16 6 
2 0 2 
2 7 12 
2 3 12 
2 1 2 
2 12 14 
2 19 6 
2 0 1 
2 19 7 
2 3 14 
2 3 13 
2 18 11 
2 0 1 
2 6 11 
2 10 13 
2 18 6 
2 5 8 
2 18 14 
2 2 6 
2 13 14 
2 16 17 
2 1 14 
2 16 10 
2 1 11 
2 19 15 
2 2 11 
2 0 8 
2 16 10 
2 4 13 
2 4 15 
2 2 13 
2 2 9 
2 0 6 
2 19 5 
2 0 13 
2 0 10 
2 18 19 
2 0 17 
2 0 10 
2 17 13 
2 7 15 
2 17 8 
2 6 10 
2 16 2 
