10 23 23 true

19 2 10 18 2 0 13 13 17 19 
19 13 8 18 2 18 7 4 17 0 
9 7 13 1 5 0 16 14 14 5 
5 4 2 8 14 12 7 2 17 8 
12 17 17 12 15 15 9 16 12 9 
16 3 5 0 7 9 19 1 14 7 
0 11 12 4 8 6 11 13 0 2 
14 7 7 18 18 7 10 6 6 13 
16 9 2 18 6 4 19 9 9 9 
13 19 11 3 0 1 18 6 0 15 

2 5 7 
2 3 6 
2 1 4 
2 0 1 
2 1 7 
2 2 7 
2 1 7 
2 1 9 
2 5 7 
2 3 8 
2 2 8 
2 4 8 
2 0 7 
2 2 9 
2 0 7 
2 8 9 
2 0 4 
2 0 4 
2 3 9 
2 1 6 
2 3 7 
2 2 5 
2 5 9 

2 5 9 
2 6 8 
2 3 6 
2 4 9 
2 3 4 
2 7 9 
2 2 8 
2 7 8 
2 5 7 
2 3 5 
2 1 3 
2 5 7 
2 1 9 
2 0 6 
2 8 9 
2 2 7 
2 1 4 
2 2 3 
2 0 6 
2 3 4 
2 4 7 
2 1 4 
2 7 8 
