9 29 29 true

15 1 14 12 18 0 12 16 10 
2 18 12 14 6 15 0 15 13 
14 12 3 1 3 4 10 1 19 
0 6 10 16 18 18 11 16 4 
3 9 18 17 9 2 4 10 6 
9 2 16 11 17 12 11 17 14 
5 14 12 11 8 4 4 15 15 
9 5 4 6 8 2 8 11 7 
14 17 12 11 9 13 19 10 6 

2 4 6 
2 3 7 
2 3 4 
2 4 7 
2 4 5 
2 2 8 
2 3 7 
2 5 7 
2 2 7 
2 6 8 
2 0 1 
2 1 7 
2 2 6 
2 0 2 
2 1 2 
2 1 7 
2 6 7 
2 4 8 
2 2 6 
2 1 4 
2 0 6 
2 0 8 
2 0 4 
2 3 7 
2 2 3 
2 2 7 
2 3 6 
2 4 5 
2 1 8 

2 6 7 
2 0 3 
2 4 8 
2 0 1 
2 3 4 
2 2 7 
2 3 6 
2 6 7 
2 5 7 
2 0 4 
2 3 8 
2 1 6 
2 3 5 
2 3 5 
2 0 3 
2 2 8 
2 2 7 
2 3 4 
2 0 8 
2 2 7 
2 3 5 
2 1 7 
2 2 3 
2 0 7 
2 4 7 
2 7 8 
2 1 5 
2 3 8 
2 3 6 
