9 30 30 true

19 13 9 10 17 5 11 9 12 
7 11 13 7 10 4 19 12 19 
3 15 1 11 2 11 0 5 13 
5 6 15 15 11 2 18 19 9 
6 5 10 13 4 0 16 19 0 
14 3 4 14 15 7 3 13 1 
9 11 3 18 11 12 0 15 15 
18 3 15 14 10 10 10 19 10 
18 7 1 13 7 2 11 2 19 

2 5 6 
2 3 5 
2 4 8 
2 3 6 
2 1 4 
2 2 3 
2 0 2 
2 4 7 
2 3 6 
2 4 7 
2 4 8 
2 0 2 
2 0 2 
2 0 4 
2 5 8 
2 0 5 
2 3 5 
2 0 3 
2 3 5 
2 2 8 
2 1 8 
2 1 4 
2 6 8 
2 0 5 
2 1 5 
2 4 7 
2 2 8 
2 6 7 
2 5 6 
2 0 3 

2 7 8 
2 3 4 
2 5 8 
2 2 6 
2 0 4 
2 3 6 
2 1 6 
2 0 5 
2 3 5 
2 4 7 
2 2 3 
2 6 7 
2 1 2 
2 4 5 
2 0 6 
2 1 3 
2 3 6 
2 0 3 
2 0 3 
2 5 6 
2 2 3 
2 5 7 
2 1 5 
2 6 8 
2 1 6 
2 3 8 
2 1 2 
2 0 7 
2 4 5 
2 1 4 
