9 21 21 true

13 12 8 4 5 4 2 2 3 
1 16 5 1 10 0 9 2 15 
12 4 7 3 0 12 10 10 16 
8 4 15 2 12 14 18 5 6 
1 5 5 1 7 14 0 4 7 
12 10 6 9 10 18 0 11 0 
6 2 7 9 19 14 16 9 16 
13 0 17 13 4 7 15 3 18 
5 11 3 16 19 5 9 13 14 

2 1 5 
2 1 3 
2 0 6 
2 2 4 
2 4 6 
2 2 3 
2 4 7 
2 1 7 
2 1 7 
2 0 7 
2 4 5 
2 4 5 
2 2 3 
2 6 8 
2 0 1 
2 3 8 
2 0 5 
2 5 7 
2 0 4 
2 2 4 
2 1 3 

2 2 6 
2 4 5 
2 1 7 
2 1 6 
2 2 7 
2 2 3 
2 2 7 
2 3 8 
2 0 1 
2 0 3 
2 0 1 
2 3 5 
2 0 3 
2 1 6 
2 2 3 
2 1 6 
2 1 5 
2 1 2 
2 0 1 
2 3 8 
2 0 1 
