10 38 38 true

17 11 18 4 0 11 10 6 6 1 
14 0 3 1 0 10 14 14 19 7 
7 5 8 3 10 16 17 4 3 18 
4 17 17 1 14 6 8 0 2 15 
0 17 19 8 17 8 19 15 13 18 
19 18 17 18 14 2 12 17 12 12 
15 4 17 1 13 8 12 7 9 18 
18 14 2 19 16 6 18 14 7 19 
16 19 1 4 10 19 9 13 3 13 
3 7 15 3 17 9 12 13 11 3 

2 8 9 
2 2 6 
2 1 2 
2 4 6 
2 6 9 
2 0 2 
2 2 5 
2 2 7 
2 8 9 
2 2 9 
2 5 9 
2 1 2 
2 3 7 
2 0 8 
2 5 9 
2 2 9 
2 3 9 
2 0 6 
2 2 5 
2 4 5 
2 3 9 
2 0 3 
2 1 7 
2 2 6 
2 0 5 
2 5 6 
2 3 4 
2 4 8 
2 3 4 
2 3 8 
2 5 8 
2 1 5 
2 1 9 
2 1 4 
2 6 7 
2 1 4 
2 2 8 
2 6 7 

2 4 7 
2 1 2 
2 2 4 
2 2 4 
2 0 5 
2 0 7 
2 0 2 
2 0 2 
2 2 5 
2 1 9 
2 4 6 
2 3 6 
2 2 3 
2 1 3 
2 0 7 
2 4 5 
2 0 4 
2 1 7 
2 0 3 
2 4 5 
2 1 6 
2 2 6 
2 6 9 
2 3 9 
2 5 8 
2 5 8 
2 2 5 
2 3 7 
2 5 9 
2 6 9 
2 1 9 
2 2 6 
2 0 7 
2 0 1 
2 1 7 
2 0 5 
2 2 4 
2 1 9 
