10 25 25 true

16 18 11 14 0 9 15 8 0 16 
0 16 19 5 0 0 12 5 12 3 
6 1 1 9 16 14 9 12 13 0 
1 3 2 19 0 4 14 7 4 1 
2 3 17 0 11 0 14 8 6 12 
1 19 11 12 7 15 16 5 3 19 
8 4 0 6 4 18 11 8 3 4 
18 2 2 15 3 17 3 17 3 19 
6 3 16 1 10 1 0 14 16 19 
6 5 11 13 16 6 17 10 18 13 

2 1 5 
2 2 7 
2 1 4 
2 0 7 
2 7 8 
2 2 9 
2 0 9 
2 0 4 
2 3 4 
2 0 3 
2 1 2 
2 4 9 
2 4 8 
2 4 9 
2 8 9 
2 3 6 
2 0 8 
2 3 7 
2 3 4 
2 7 8 
2 5 6 
2 1 4 
2 6 9 
2 5 9 
2 0 9 

2 6 7 
2 0 1 
2 2 5 
2 2 8 
2 0 7 
2 8 9 
2 1 8 
2 3 6 
2 1 9 
2 5 9 
2 0 2 
2 0 4 
2 2 3 
2 5 9 
2 6 7 
2 0 7 
2 0 3 
2 4 6 
2 8 9 
2 4 7 
2 2 7 
2 0 7 
2 0 2 
2 1 5 
2 8 9 
