9 32 32 true

0 17 10 18 7 13 12 5 10 
3 6 7 4 19 2 4 5 10 
16 19 15 3 15 3 6 16 12 
1 9 3 10 18 10 12 1 19 
13 3 6 18 14 7 16 6 8 
4 8 17 16 11 11 17 18 11 
3 2 14 0 9 13 8 9 3 
8 14 17 8 18 1 3 18 1 
1 8 17 5 18 5 16 15 4 

2 1 3 
2 2 5 
2 4 5 
2 1 4 
2 4 8 
2 1 5 
2 3 6 
2 2 7 
2 0 4 
2 4 6 
2 4 8 
2 1 6 
2 4 8 
2 3 6 
2 4 7 
2 1 3 
2 6 7 
2 3 7 
2 3 4 
2 1 6 
2 6 8 
2 0 3 
2 3 4 
2 0 5 
2 7 8 
2 0 8 
2 2 8 
2 3 5 
2 3 8 
2 0 7 
2 1 3 
2 1 5 

2 2 3 
2 2 6 
2 4 6 
2 3 6 
2 0 4 
2 2 3 
2 1 8 
2 6 8 
2 3 4 
2 0 6 
2 3 8 
2 5 8 
2 1 3 
2 2 5 
2 1 3 
2 6 7 
2 1 7 
2 0 8 
2 4 5 
2 2 4 
2 1 8 
2 0 5 
2 1 4 
2 3 6 
2 7 8 
2 0 3 
2 1 3 
2 2 4 
2 1 8 
2 2 3 
2 6 7 
2 1 3 
