9 29 29 true

17 12 5 7 14 1 4 6 4 
19 18 18 19 15 7 2 7 3 
16 14 6 18 7 15 4 17 19 
2 15 16 12 7 11 18 16 7 
10 19 19 3 12 19 15 7 13 
15 0 17 17 5 7 13 12 4 
1 9 14 7 9 3 10 0 1 
7 15 3 13 12 1 13 12 17 
18 19 10 1 8 17 3 15 3 

2 3 5 
2 0 5 
2 2 4 
2 4 6 
2 5 8 
2 1 7 
2 2 4 
2 4 6 
2 3 7 
2 1 2 
2 6 8 
2 5 8 
2 4 7 
2 1 3 
2 2 6 
2 2 5 
2 0 3 
2 0 2 
2 3 7 
2 2 3 
2 2 4 
2 6 7 
2 6 7 
2 0 7 
2 0 8 
2 2 7 
2 4 5 
2 3 4 
2 0 6 

2 7 8 
2 5 8 
2 1 5 
2 0 7 
2 4 5 
2 2 6 
2 1 8 
2 3 6 
2 4 7 
2 3 4 
2 3 6 
2 5 6 
2 2 3 
2 1 7 
2 0 6 
2 0 7 
2 3 4 
2 4 8 
2 4 7 
2 2 7 
2 2 5 
2 2 8 
2 3 5 
2 0 8 
2 0 4 
2 1 3 
2 4 6 
2 3 4 
2 2 6 
