9 21 21 true

6 12 5 14 8 7 11 16 7 
8 2 7 5 5 18 0 11 10 
16 5 1 19 10 12 12 8 5 
9 10 10 0 15 7 19 0 12 
7 5 2 5 19 8 10 2 5 
7 19 2 3 0 16 15 1 12 
13 3 15 12 0 18 0 1 3 
14 2 3 3 2 17 2 18 18 
13 1 3 13 1 13 10 19 15 

2 6 8 
2 4 5 
2 0 7 
2 2 4 
2 7 8 
2 0 5 
2 3 6 
2 1 2 
2 1 7 
2 4 7 
2 1 2 
2 5 8 
2 1 7 
2 0 2 
2 1 3 
2 1 6 
2 0 1 
2 1 4 
2 3 6 
2 0 5 
2 1 5 

2 0 5 
2 0 7 
2 3 8 
2 5 8 
2 5 6 
2 0 2 
2 6 7 
2 7 8 
2 5 7 
2 3 6 
2 1 5 
2 2 4 
2 2 3 
2 1 3 
2 6 7 
2 0 7 
2 5 7 
2 4 8 
2 4 5 
2 1 6 
2 0 8 
