20 true

7 19 8 9 17 5 8 3 4 10 14 3 2 11 4 5 13 6 9 0 
7 15 14 1 1 13 9 17 2 12 1 17 0 17 6 17 12 9 17 5 
4 17 4 3 0 17 15 18 19 15 2 2 5 2 10 16 14 11 13 19 
4 5 11 10 15 15 16 0 2 17 3 2 13 6 2 13 14 12 10 0 
10 10 1 3 4 5 5 3 11 14 15 16 12 10 19 14 18 4 4 8 
8 8 11 5 7 15 18 16 3 0 15 2 18 16 2 3 7 17 7 13 
18 2 8 19 5 8 13 1 12 2 8 15 3 12 10 11 4 3 14 18 
3 2 8 13 15 13 19 6 16 18 1 8 15 9 15 19 5 10 0 0 
16 5 4 3 5 12 18 4 18 11 3 11 1 9 0 7 10 8 10 6 
0 9 2 16 4 15 10 13 18 15 1 5 6 19 16 18 13 11 14 18 
1 17 5 6 16 8 15 3 7 9 11 1 0 0 0 13 18 5 11 10 
12 2 19 2 8 2 13 14 8 9 16 17 5 9 17 15 18 0 11 7 
1 9 18 15 0 2 12 8 4 2 7 4 12 16 5 15 8 9 11 5 
14 3 2 4 2 1 5 14 2 13 10 2 11 1 15 13 6 2 11 12 
17 19 18 2 4 13 17 2 19 18 9 1 0 6 0 19 2 12 12 14 
11 9 1 15 18 8 10 5 3 3 9 7 6 12 14 14 4 19 2 11 
5 16 8 9 8 14 12 6 1 18 6 11 1 9 6 3 8 1 14 14 
10 6 6 14 15 19 14 6 1 17 8 10 17 19 1 6 3 19 18 14 
9 8 15 16 19 1 9 4 17 13 17 15 19 18 8 1 0 2 12 13 
9 14 7 15 6 8 13 18 3 8 5 7 6 4 8 3 8 19 13 5 


140 240 260 360 260 320 360 220 120 120 380 380 400 300 120 100 320 280 340 240 

9 15 12 15 14 8 15 19 13 15 19 9 7 3 9 10 15 20 1 17 