20 true

1 7 4 15 15 6 17 4 12 0 7 4 14 5 1 11 9 3 1 2 
18 12 7 18 15 14 3 15 9 3 1 2 5 10 2 13 1 12 19 3 
15 8 1 2 18 11 0 13 2 17 16 5 11 18 1 8 1 7 16 3 
7 14 3 7 13 8 9 13 16 18 3 10 19 9 0 3 14 10 16 8 
1 15 17 5 2 12 15 8 16 7 9 17 2 14 0 11 6 15 0 18 
17 13 13 15 19 17 17 11 7 9 18 10 13 4 13 13 8 14 2 6 
13 16 11 10 6 11 0 8 17 6 2 13 3 13 18 10 13 12 4 4 
8 4 7 0 5 17 18 4 18 13 2 2 17 3 17 3 11 5 14 12 
6 5 18 10 1 0 10 17 12 3 1 14 4 16 0 6 14 17 5 4 
10 8 0 3 17 4 8 4 15 11 2 13 2 6 10 2 17 1 16 0 
2 11 4 14 11 11 12 6 7 5 7 3 9 4 16 17 7 12 10 15 
0 18 15 11 18 7 18 8 0 10 7 14 5 12 4 13 9 14 3 6 
7 8 4 14 15 3 4 9 3 6 11 10 19 7 3 12 3 15 5 4 
17 13 7 13 10 0 6 2 1 14 18 3 16 9 0 13 2 17 8 10 
1 18 6 4 17 12 10 7 11 17 6 6 9 9 17 12 14 5 1 16 
3 9 13 4 14 6 12 5 3 1 15 1 15 10 3 12 8 1 15 3 
19 3 1 19 15 9 0 15 8 15 5 17 5 7 13 9 0 11 11 15 
18 4 16 18 17 2 0 5 11 18 0 19 17 9 15 4 10 19 15 13 
15 6 11 18 13 7 0 8 17 1 15 4 4 4 5 9 9 10 13 18 
1 8 7 18 11 2 19 0 17 3 10 7 1 18 9 8 5 17 14 3 


160 80 80 160 260 60 180 160 100 140 60 360 140 320 180 60 220 80 260 140 

12 5 10 4 11 3 7 18 3 13 15 17 17 17 11 15 7 16 5 13 