20 true

12 5 18 17 13 14 8 4 8 18 7 14 5 13 7 3 17 11 9 11 
1 13 8 2 2 16 16 13 12 16 11 7 7 3 6 1 17 15 13 11 
15 4 7 11 17 1 16 0 14 18 16 11 3 3 12 12 15 17 19 1 
15 5 5 13 8 3 9 10 1 12 7 7 15 1 13 4 7 7 0 9 
3 19 6 9 5 9 6 5 16 13 9 5 14 5 6 15 5 15 5 5 
18 4 1 8 11 14 16 9 17 19 12 4 6 2 2 11 14 6 12 11 
14 16 1 9 14 10 12 13 18 9 2 11 13 15 5 2 8 9 10 12 
7 11 16 10 3 16 2 3 10 7 19 10 12 4 8 2 16 14 0 4 
15 19 4 3 15 13 17 8 18 7 17 0 5 12 1 10 14 5 6 7 
15 14 7 0 16 9 4 18 14 2 10 9 17 1 9 16 8 17 14 14 
15 19 9 8 9 4 19 10 10 9 18 5 18 5 13 2 3 19 19 6 
6 12 17 1 10 2 12 9 11 4 12 1 17 14 4 15 13 15 12 10 
6 1 7 11 7 15 5 18 4 4 7 5 4 13 9 6 10 19 12 0 
12 13 5 5 12 6 12 19 18 14 1 4 2 2 10 16 0 0 12 17 
4 14 14 1 15 10 17 7 0 14 9 7 15 0 7 15 13 12 2 13 
11 16 0 17 11 5 16 15 0 17 4 15 4 3 17 11 13 8 8 17 
18 11 13 13 5 2 11 9 1 10 2 7 12 2 7 10 7 10 10 18 
18 19 10 12 9 13 17 8 12 18 8 2 13 1 19 4 13 5 8 1 
1 15 1 7 11 4 10 19 1 12 1 11 1 17 16 13 1 15 3 7 
18 13 10 18 18 12 8 12 1 17 18 1 13 14 7 7 4 14 16 15 


320 400 280 80 260 100 240 180 380 40 340 100 120 200 360 360 60 400 160 280 

5 19 11 14 13 14 17 17 10 8 1 9 4 14 11 14 17 20 3 3 