20 true

3 16 12 13 16 5 17 4 12 4 18 17 6 14 13 13 16 14 3 15 
12 0 9 14 16 1 7 3 13 15 13 11 18 19 8 1 13 14 1 16 
18 1 14 3 12 13 2 7 15 13 11 13 11 6 1 9 9 3 3 10 
16 7 2 3 0 13 0 18 10 14 2 6 11 2 18 4 2 12 15 16 
19 1 8 8 11 14 17 2 12 19 1 0 0 14 1 7 16 10 19 2 
0 7 7 17 1 4 12 3 8 18 13 9 1 16 14 19 18 2 18 15 
10 4 18 3 0 4 16 9 12 2 1 15 16 15 16 8 19 3 8 13 
17 2 2 12 18 14 1 12 5 3 13 4 15 17 16 8 8 10 16 9 
5 4 19 10 5 7 9 3 15 14 11 3 16 15 11 1 5 1 7 15 
2 17 10 8 10 5 5 0 0 2 15 0 14 18 19 13 8 3 9 0 
7 17 14 1 2 0 4 19 2 11 10 9 17 10 5 17 10 8 19 8 
2 0 0 3 4 14 9 2 12 18 12 16 11 0 17 3 8 8 16 1 
7 16 17 2 8 17 15 13 10 0 0 16 17 9 0 3 12 2 15 10 
9 7 1 10 3 1 6 18 18 13 17 9 12 17 7 4 3 10 13 3 
4 19 15 4 8 8 12 1 17 14 14 0 0 0 12 13 16 12 2 2 
4 18 12 15 3 14 14 8 13 9 13 0 9 17 4 12 18 3 1 13 
6 0 8 3 10 11 1 16 12 14 10 13 5 16 7 1 16 9 8 1 
15 3 13 13 1 19 16 11 4 14 11 7 16 18 7 4 15 11 5 4 
12 7 0 13 14 1 3 8 13 14 7 19 13 8 9 3 17 3 9 13 
16 19 11 8 1 2 3 3 13 17 10 14 8 11 19 2 10 9 12 4 


280 20 40 340 100 300 180 200 400 220 100 320 380 80 240 180 100 220 340 280 

15 1 6 20 14 11 11 16 14 17 8 8 12 1 10 5 20 2 3 2 