20 true

16 14 2 2 4 13 2 0 18 17 16 11 10 18 13 18 8 7 11 3 
5 15 6 15 8 4 19 0 18 7 1 10 16 14 16 17 4 2 5 6 
9 10 10 3 13 12 7 15 0 18 0 13 11 11 12 7 12 0 15 13 
8 1 11 2 12 13 12 17 13 7 1 16 5 13 7 18 8 6 2 6 
4 11 10 8 15 4 13 0 10 15 12 13 15 18 10 17 1 15 5 5 
17 9 1 15 17 3 2 0 9 7 7 3 3 0 1 19 11 19 10 12 
0 11 19 4 1 13 18 12 17 14 18 10 8 6 6 10 4 10 7 5 
3 2 2 10 1 8 8 1 2 12 7 4 15 17 3 5 5 0 15 9 
0 2 2 3 14 10 5 0 0 13 8 4 9 5 2 12 16 19 0 7 
0 3 6 13 4 15 12 9 7 4 11 14 0 15 8 16 9 9 0 8 
11 11 11 7 2 18 5 5 1 18 3 8 19 4 5 17 2 6 17 6 
14 8 19 11 17 2 9 19 3 11 4 14 5 18 9 12 8 9 0 17 
16 5 0 4 13 4 16 10 1 18 8 5 1 17 15 6 1 15 6 2 
16 17 13 5 4 16 16 1 17 7 11 16 3 5 8 17 18 1 16 7 
6 10 5 18 18 5 19 5 8 12 17 4 9 7 17 16 16 8 7 3 
17 16 11 14 6 7 6 4 17 18 2 3 8 17 12 2 5 17 10 6 
13 5 1 1 9 3 19 5 10 19 8 7 11 17 19 3 0 19 0 16 
13 1 15 9 2 2 2 0 15 4 18 11 6 5 19 19 3 2 17 4 
13 14 18 14 9 11 6 18 19 6 15 2 15 13 13 12 6 10 13 19 
19 11 9 8 9 3 4 10 14 16 15 16 11 10 19 14 9 9 2 13 


20 100 360 340 380 120 360 300 300 400 20 240 320 160 120 240 380 20 220 380 

20 19 5 4 2 11 7 17 3 13 1 17 15 14 2 19 15 2 19 17 