20 true

19 2 12 15 3 10 8 6 16 4 17 19 16 17 4 0 5 13 12 15 
4 4 1 19 18 3 2 4 15 13 9 15 16 7 10 3 9 6 5 1 
19 6 12 16 0 5 18 0 1 1 18 18 12 3 17 2 14 17 1 15 
9 17 11 6 16 0 3 8 4 17 7 19 14 16 3 4 11 6 17 19 
18 13 2 18 12 6 1 2 1 19 14 1 1 10 11 16 7 9 12 17 
3 1 8 15 14 5 16 6 15 10 10 3 8 16 6 11 1 7 7 15 
12 18 0 16 18 2 8 14 8 19 0 11 13 11 12 6 0 3 11 11 
0 5 6 8 17 5 1 5 10 6 11 16 4 1 4 11 15 16 7 9 
8 2 0 15 18 11 14 15 5 11 5 8 2 14 6 2 3 6 18 4 
19 3 8 17 6 16 10 13 11 13 11 17 17 5 11 14 16 16 8 15 
16 9 15 18 0 13 4 7 19 1 3 5 4 3 8 7 10 10 17 1 
1 2 8 17 1 11 15 14 16 6 18 1 18 6 11 6 10 13 9 17 
18 10 10 13 6 5 3 17 6 17 10 0 5 16 10 16 12 6 1 18 
2 15 2 2 16 15 0 0 4 14 19 0 18 14 10 0 10 2 14 14 
9 19 1 18 0 17 3 0 12 15 9 10 17 8 7 6 15 8 3 12 
11 19 5 10 7 11 5 9 0 5 1 9 0 18 16 7 3 7 19 8 
17 13 11 4 10 12 1 2 3 9 6 18 0 4 2 19 14 14 13 9 
14 13 18 16 7 10 10 1 7 10 3 4 8 8 10 10 8 0 4 0 
18 19 9 12 16 17 7 2 11 10 10 15 11 11 2 4 12 13 12 18 
6 11 18 14 0 12 19 12 0 2 17 0 12 6 18 18 1 11 15 4 


60 380 280 200 300 40 280 320 400 280 380 200 80 100 160 400 300 120 120 20 

11 6 11 3 16 15 12 12 12 8 1 13 12 13 17 4 12 11 5 12 