20 true

1 16 9 18 4 6 8 1 13 6 17 18 17 17 7 2 9 19 14 11 
6 17 5 1 5 14 8 4 13 8 5 0 4 12 4 11 10 19 9 3 
4 0 8 19 8 16 1 12 13 11 8 13 0 14 17 2 13 7 11 10 
7 6 5 19 19 11 4 18 13 6 15 8 6 4 6 1 2 12 5 14 
1 1 17 4 4 17 3 5 12 5 15 3 13 13 9 7 12 4 18 19 
12 8 10 16 5 13 5 12 12 17 2 18 15 0 6 18 16 14 1 2 
14 8 8 13 5 5 16 11 2 0 11 5 16 3 9 9 2 14 1 18 
10 13 0 10 9 3 18 3 18 15 9 18 12 16 7 10 0 4 12 18 
3 18 9 14 11 16 12 14 19 0 6 16 14 4 9 19 3 7 15 1 
14 12 11 18 13 1 5 4 10 7 3 7 18 4 11 6 5 1 7 18 
13 7 5 2 0 0 7 0 17 8 14 1 3 14 9 15 10 18 3 16 
11 10 2 9 19 18 8 11 8 1 7 5 0 4 13 1 7 9 3 14 
14 14 3 11 0 4 1 10 11 8 8 12 19 4 6 14 0 16 6 16 
18 10 15 6 4 4 18 6 1 2 10 13 15 12 2 8 3 16 11 4 
9 4 6 8 14 19 15 2 4 0 11 2 2 8 2 14 15 11 5 11 
9 4 10 16 11 13 7 3 6 10 9 1 2 11 2 19 15 8 4 4 
14 3 17 0 6 9 8 11 1 5 7 19 6 9 8 4 18 11 2 0 
4 17 13 11 6 5 9 3 4 8 11 15 10 15 2 8 12 14 18 17 
4 0 7 15 11 0 5 8 1 15 5 6 6 1 14 0 10 3 14 10 
13 19 16 13 12 6 17 17 12 17 11 13 19 10 14 18 7 13 1 9 


260 340 380 40 380 20 100 260 280 140 180 380 200 340 60 80 220 340 220 380 

1 11 17 14 2 20 9 10 16 5 5 14 1 13 7 12 15 2 1 9 