20 true

3 1 1 0 14 3 6 5 3 16 7 13 1 13 17 2 17 11 4 8 
11 15 10 2 6 6 8 11 4 16 15 6 8 13 6 16 11 17 15 16 
9 7 14 3 8 13 1 16 14 18 8 4 15 19 9 1 0 10 12 1 
16 8 14 16 8 8 0 6 6 0 14 17 15 5 11 4 4 0 13 6 
1 9 18 18 5 0 11 15 18 10 3 5 15 6 18 15 9 17 2 17 
10 12 14 2 13 15 5 0 11 3 10 5 2 13 4 4 19 16 1 4 
13 9 11 13 10 8 18 15 18 2 16 11 5 15 7 6 18 6 3 11 
4 15 5 13 0 11 7 4 18 12 18 18 5 8 2 13 16 18 1 18 
5 16 16 9 11 12 6 6 7 16 4 2 12 16 2 11 12 6 14 14 
17 4 14 6 7 2 7 8 2 1 18 3 6 8 17 16 14 6 11 13 
16 12 1 14 9 5 7 3 18 7 12 17 13 4 2 4 14 8 9 17 
2 14 17 0 2 18 6 13 0 17 17 8 9 4 17 8 13 10 5 6 
8 7 13 13 2 11 12 4 16 15 6 6 11 5 7 6 2 9 5 2 
7 15 13 18 13 16 16 8 11 8 8 0 12 12 1 0 1 14 0 12 
16 0 19 13 1 11 16 3 18 13 9 12 7 4 2 5 8 16 14 6 
18 15 0 2 18 3 19 4 0 10 18 19 3 17 3 15 13 2 3 18 
10 19 5 2 4 5 17 10 8 3 11 10 0 14 9 14 10 13 4 3 
2 0 9 13 4 6 2 14 3 1 12 12 6 14 15 0 2 0 11 13 
4 10 4 10 6 3 3 8 8 15 19 12 9 11 8 10 9 19 14 13 
8 18 12 12 16 11 12 9 6 16 7 19 14 13 0 11 6 17 3 16 


360 140 20 40 260 160 100 260 320 160 220 340 40 80 240 380 160 120 80 400 

9 10 19 6 11 7 9 14 3 13 7 20 11 9 9 17 1 6 18 4 