20 true

6 18 0 7 16 13 8 19 0 5 17 9 10 2 1 6 11 3 19 6 
5 11 1 11 0 7 7 17 10 15 10 17 17 14 15 10 6 5 0 17 
10 12 9 8 7 10 5 0 19 14 16 12 7 15 18 12 10 4 18 5 
12 14 2 2 11 12 1 15 12 10 10 17 13 6 11 16 11 6 3 19 
6 11 6 9 9 10 10 18 19 15 1 12 16 5 16 12 13 3 0 5 
3 3 3 3 0 12 10 14 15 3 12 4 16 10 6 7 9 17 0 16 
3 0 1 16 15 12 12 18 9 19 12 17 18 19 2 2 9 8 7 4 
11 6 12 15 17 0 8 9 3 4 8 8 16 3 3 3 12 3 1 15 
12 11 0 3 8 16 18 19 19 1 16 5 19 13 9 19 13 13 10 1 
15 1 16 18 7 5 8 8 9 18 11 3 12 8 18 17 1 1 9 15 
5 6 4 8 6 7 12 13 2 1 8 4 19 9 2 8 15 3 14 4 
8 0 4 4 4 12 7 5 15 13 2 13 1 4 17 7 13 14 9 12 
17 7 16 3 9 6 11 1 2 12 0 16 1 8 10 15 18 17 8 8 
14 14 2 19 15 1 16 14 3 11 9 2 14 7 10 5 12 19 5 1 
18 0 5 8 6 13 10 3 11 12 14 7 4 10 9 19 8 11 8 0 
14 12 5 7 0 8 9 8 6 2 3 3 14 18 18 0 10 12 12 18 
12 11 2 18 9 0 17 3 4 11 17 10 10 17 1 11 11 15 7 15 
6 19 3 12 2 19 1 11 4 17 4 16 10 16 12 18 13 10 0 3 
1 8 12 6 1 8 15 10 7 9 9 1 3 1 12 12 6 5 7 13 
15 12 3 0 11 11 0 19 11 10 16 15 3 2 6 18 3 11 11 6 


380 240 240 180 340 140 320 100 300 60 300 320 400 20 60 40 360 160 220 300 

19 6 4 14 18 1 19 1 17 2 9 20 13 12 1 11 8 14 16 17 