20 true

2 2 6 14 6 2 8 15 2 18 4 4 13 16 4 3 4 6 0 14 
11 0 12 3 9 2 11 4 2 1 18 8 6 6 7 19 6 5 8 17 
4 16 7 9 13 14 18 8 15 16 1 16 10 11 18 17 13 10 12 18 
4 4 17 3 18 18 1 7 13 17 6 11 4 1 12 8 6 3 13 11 
5 10 14 8 16 11 13 3 3 11 15 5 4 2 1 8 1 15 3 2 
2 1 8 13 7 2 17 17 16 16 19 16 11 1 2 11 7 3 2 7 
6 7 7 7 6 18 13 18 14 1 8 3 4 11 13 17 3 1 7 15 
19 7 0 8 13 15 12 17 13 2 13 3 0 7 16 13 11 11 19 11 
17 6 11 2 19 9 1 2 14 12 15 9 5 9 16 4 9 10 11 14 
18 10 14 3 4 1 14 0 10 4 1 11 11 12 17 18 17 13 9 5 
17 3 8 11 6 1 2 7 11 16 1 9 9 12 18 13 19 11 6 15 
5 14 7 14 1 14 10 13 2 10 12 1 16 6 8 17 6 18 1 17 
2 2 8 4 13 1 3 15 6 5 8 19 13 1 14 9 13 16 2 9 
6 17 18 9 6 19 3 6 4 5 9 15 3 1 9 8 19 14 19 6 
9 7 14 9 4 4 19 0 16 16 1 18 18 3 12 17 17 9 17 13 
18 9 0 2 3 17 1 19 4 5 12 9 5 3 4 2 15 12 14 8 
4 18 17 9 11 3 6 0 4 11 10 16 16 4 5 0 9 0 6 2 
6 16 5 8 10 19 16 9 7 11 14 7 6 6 2 10 6 5 12 15 
15 15 4 9 14 3 14 3 19 16 5 14 16 2 3 7 7 18 5 11 
15 11 8 17 19 8 5 3 13 12 0 19 9 19 3 19 11 0 9 18 


260 40 20 220 360 200 360 200 60 80 400 360 280 320 340 360 120 360 180 60 

12 19 10 9 14 6 18 5 19 2 7 4 17 20 4 19 20 7 16 4 