20 true

17 19 12 15 9 19 2 11 14 11 8 4 9 6 7 0 8 2 7 7 
8 0 5 12 16 3 9 11 6 8 13 15 17 7 7 3 17 11 8 1 
9 3 8 2 19 0 10 10 15 17 17 13 17 6 18 8 8 9 2 12 
6 19 10 5 8 19 16 0 8 11 15 1 11 18 8 6 14 16 3 14 
15 8 9 17 17 5 19 5 11 9 8 13 0 9 14 17 16 3 5 3 
5 0 1 4 8 18 9 4 19 7 4 18 14 13 6 19 5 19 16 10 
11 18 9 5 12 19 3 16 15 16 0 8 18 0 17 10 7 0 4 12 
13 19 7 10 15 7 2 15 9 7 18 3 17 17 10 13 18 10 10 0 
14 15 2 16 7 0 5 7 3 14 13 8 8 2 12 10 6 17 4 9 
15 17 19 0 18 2 15 15 5 3 2 18 17 0 15 3 3 14 18 14 
1 10 17 14 10 11 7 11 9 10 3 6 4 0 5 15 6 9 13 7 
9 0 10 13 10 4 10 12 1 0 0 10 16 8 1 13 14 10 15 5 
8 16 10 12 12 0 3 18 1 4 0 3 2 12 18 1 12 3 16 19 
12 3 9 9 16 1 18 15 7 0 2 2 6 14 15 14 16 17 3 15 
9 8 16 12 15 8 1 16 19 6 19 5 17 19 19 2 12 13 12 16 
1 12 17 15 18 8 19 6 5 0 14 16 18 3 1 13 5 9 13 1 
15 6 13 18 18 0 18 8 14 16 11 8 1 17 2 3 18 10 5 11 
19 5 4 2 19 8 8 12 0 11 8 7 14 8 17 2 18 19 12 6 
3 18 14 16 19 14 4 9 14 17 18 4 9 6 5 2 2 9 19 4 
12 1 17 2 16 5 19 11 13 7 0 19 1 18 1 12 7 1 13 9 


280 60 40 20 400 260 120 120 140 100 260 100 20 320 160 100 120 60 240 300 

11 16 16 10 14 7 12 19 14 2 15 10 1 3 3 9 18 15 7 13 