20 true

12 10 2 11 10 2 8 11 0 5 0 9 11 8 13 12 12 13 19 3 
11 17 17 17 9 18 11 14 8 5 17 2 3 15 17 15 14 12 16 0 
19 13 16 7 14 5 10 9 8 6 16 19 5 19 7 11 10 3 19 3 
1 2 14 12 15 11 17 9 10 18 7 8 4 6 15 1 15 2 18 17 
15 17 18 6 11 8 14 10 6 14 16 2 14 11 14 12 1 12 1 0 
15 17 18 15 11 13 17 12 1 12 17 0 4 16 18 1 4 3 12 6 
1 4 19 12 6 0 2 1 10 17 14 11 6 9 15 6 18 17 3 17 
10 7 7 16 10 4 11 13 10 10 4 8 11 13 1 6 17 9 11 6 
12 14 14 14 8 6 1 19 7 18 3 13 5 6 9 12 0 14 3 17 
9 7 4 6 16 9 7 15 11 0 7 16 12 0 8 2 2 8 19 11 
7 2 19 17 17 12 14 12 14 5 5 7 6 3 17 6 1 3 17 4 
4 18 14 14 11 19 1 4 7 9 4 3 5 17 1 17 18 0 12 18 
19 14 1 16 8 11 6 19 13 0 7 10 14 18 2 1 7 16 11 2 
18 13 7 4 11 14 0 9 19 11 19 13 5 19 11 1 2 11 17 1 
0 3 19 6 1 14 6 7 12 2 17 13 0 7 6 0 0 17 16 11 
11 9 3 8 14 1 12 14 10 1 8 9 10 15 6 16 8 19 2 8 
12 13 17 9 17 0 6 5 0 1 12 2 14 9 12 9 17 17 13 7 
8 10 13 5 17 6 14 16 0 6 2 4 3 11 1 8 19 3 16 12 
13 16 10 15 18 12 16 17 17 13 3 13 6 14 16 14 12 11 18 1 
9 7 8 1 3 8 18 7 6 7 5 15 15 8 14 18 5 9 15 11 


320 40 40 160 360 380 80 380 260 220 60 20 340 80 380 380 20 60 260 360 

14 7 19 3 17 10 6 2 5 15 2 12 4 14 18 20 3 19 3 11 