20 true

14 5 13 15 13 6 10 11 4 1 7 16 3 4 18 13 11 2 10 15 
0 14 13 6 8 17 16 17 17 9 1 4 16 14 0 2 16 15 17 7 
4 3 9 9 1 4 15 14 18 9 5 6 15 14 8 12 12 12 6 1 
3 17 11 6 14 18 14 19 2 14 3 18 0 9 13 8 4 16 8 5 
3 4 15 4 15 7 9 14 15 17 16 16 11 16 5 17 17 1 18 4 
19 3 19 7 18 14 6 19 19 1 14 6 10 18 5 15 0 16 12 18 
18 5 11 11 9 11 5 7 10 2 9 19 2 13 8 6 17 16 0 3 
1 10 2 11 16 7 0 5 4 16 5 1 2 8 7 10 12 14 13 5 
13 14 11 17 18 18 19 0 16 4 15 18 8 17 10 17 0 16 2 5 
9 7 1 2 2 1 8 14 10 10 7 5 9 13 6 17 15 7 10 9 
17 6 8 19 11 0 14 16 13 12 10 10 19 2 12 9 17 13 14 3 
11 10 1 14 17 11 10 12 14 0 4 0 2 6 10 13 2 9 19 3 
1 0 5 8 16 5 0 4 10 6 1 16 16 17 1 8 19 7 9 8 
2 15 8 14 5 16 0 18 15 5 15 4 19 18 11 15 5 12 0 10 
1 12 1 13 14 4 13 19 10 7 14 15 0 16 0 13 7 6 2 12 
7 15 9 1 11 3 15 4 12 19 5 1 2 7 3 8 19 8 2 16 
4 19 19 1 1 0 6 9 2 11 8 10 1 12 2 14 19 9 4 5 
12 9 1 10 3 0 7 8 7 12 8 8 0 13 18 3 8 13 4 6 
0 18 18 8 3 1 0 12 10 6 10 4 3 3 14 7 7 12 11 12 
3 10 4 8 8 4 10 2 3 5 7 8 13 7 17 13 15 17 0 16 


120 340 360 80 260 20 200 400 20 280 160 280 180 360 280 360 280 180 220 380 

6 11 11 12 20 2 19 9 6 14 18 10 16 4 16 9 1 6 8 13 