20 true

4 13 8 2 12 5 2 14 14 18 14 7 16 13 2 10 1 2 8 9 
10 9 14 14 0 17 16 8 17 18 11 13 2 2 2 1 11 1 1 9 
0 3 2 6 8 7 9 15 16 10 10 6 11 8 6 2 13 6 6 15 
6 12 8 14 9 15 16 9 8 19 11 4 15 14 15 10 2 19 4 4 
4 15 0 1 1 12 1 13 15 7 19 18 9 14 4 4 16 13 7 6 
14 14 18 2 0 4 14 5 4 14 11 16 2 11 7 2 10 4 12 8 
6 5 1 2 0 13 5 6 8 2 7 2 17 2 5 14 8 2 13 15 
15 1 11 12 18 11 18 5 14 11 8 6 18 15 6 15 12 18 1 12 
3 5 3 0 17 5 15 19 18 19 15 18 0 16 17 8 2 17 8 2 
15 9 11 18 1 15 8 3 12 14 8 2 12 10 9 8 1 0 18 1 
17 15 18 17 5 14 14 14 12 15 5 10 5 10 18 19 8 5 19 4 
14 9 5 3 2 16 5 12 6 1 6 19 5 3 4 10 1 10 17 11 
19 6 15 18 2 18 19 19 2 3 9 7 11 9 18 1 14 14 11 16 
2 7 5 4 8 17 1 1 12 6 2 9 3 0 0 11 14 1 19 7 
3 9 15 0 0 19 4 5 16 9 7 2 9 13 15 9 5 7 16 9 
6 12 11 13 12 13 9 2 10 2 10 13 13 11 0 2 18 18 5 2 
12 9 18 10 7 14 4 3 2 1 14 16 8 0 0 3 8 12 16 11 
5 1 5 11 15 18 3 18 0 15 6 14 6 12 4 19 13 15 1 11 
10 5 12 17 7 10 5 2 1 18 14 3 18 1 12 5 16 7 1 9 
5 8 9 7 10 9 10 6 9 3 9 5 18 1 8 16 5 10 11 12 


400 360 120 340 120 220 320 200 360 40 340 200 220 320 400 120 320 40 60 100 

16 10 2 11 4 20 2 4 18 13 12 1 14 15 12 2 14 3 4 20 