20 true

16 1 11 17 8 14 12 19 1 0 8 10 7 18 15 16 10 14 15 12 
6 19 0 8 7 2 18 16 5 1 6 16 2 10 12 3 16 0 14 10 
6 4 1 4 15 1 19 4 10 4 10 12 14 10 2 2 1 1 6 3 
2 2 9 19 6 6 9 1 3 10 1 18 18 18 18 6 11 15 3 19 
12 3 13 9 18 7 7 15 12 1 15 7 7 7 17 1 18 19 1 10 
14 18 12 6 18 15 1 1 16 18 13 8 0 18 4 13 2 16 11 8 
12 10 11 10 7 8 15 2 0 18 17 18 6 11 12 7 9 4 5 6 
12 9 5 2 11 3 1 1 15 16 3 11 18 9 12 15 7 10 11 10 
11 2 13 8 1 12 14 13 13 6 1 15 7 13 14 0 4 12 7 4 
8 13 17 10 7 3 5 4 15 17 3 19 1 13 0 15 19 16 10 7 
0 2 3 0 7 3 14 11 19 0 7 1 16 17 11 1 8 14 12 18 
5 12 3 16 17 8 16 3 3 10 9 17 4 3 6 6 11 19 11 12 
13 14 1 14 5 11 12 5 10 5 4 5 9 5 11 12 2 15 18 11 
0 6 15 11 3 2 11 12 2 19 3 12 6 7 1 19 19 5 4 17 
15 11 19 4 6 19 17 17 2 5 17 8 3 13 3 16 7 15 13 1 
3 6 1 14 6 10 2 16 13 1 2 1 2 12 18 2 3 1 7 5 
17 8 9 4 19 19 7 0 7 9 19 15 15 12 18 19 5 12 15 17 
8 13 7 19 15 9 14 14 5 12 0 9 13 1 9 12 11 10 19 6 
12 18 10 2 9 11 2 17 17 19 3 14 6 8 16 8 11 13 9 1 
19 19 2 4 15 8 16 1 5 2 11 6 0 9 2 14 18 0 2 13 


240 160 120 320 20 80 380 80 220 180 140 400 400 220 60 160 200 380 40 360 

20 18 3 14 4 8 18 9 12 5 20 10 17 12 11 18 15 12 2 7 