20 true

13 5 3 7 4 10 16 14 15 0 13 18 11 17 11 2 0 10 13 7 
14 14 1 1 1 4 16 9 12 8 15 3 17 12 11 15 10 3 10 0 
17 4 16 0 12 0 6 18 1 10 16 3 2 17 16 14 19 15 3 18 
14 2 16 6 18 1 3 2 4 16 0 17 6 3 13 10 14 3 7 17 
6 4 10 15 12 7 11 18 15 14 0 18 19 14 12 7 1 6 17 18 
6 9 10 12 16 1 5 8 3 6 2 9 8 6 17 13 7 15 3 8 
2 9 4 2 12 4 9 5 15 8 8 19 4 1 6 18 2 5 12 15 
16 5 9 5 14 18 9 15 0 11 18 1 8 10 13 13 18 17 11 10 
9 1 2 6 0 15 2 16 3 2 2 5 6 10 14 8 4 5 1 11 
2 6 9 0 6 17 8 14 16 8 4 19 10 10 18 7 2 16 15 18 
12 19 10 2 13 18 5 4 5 13 0 17 13 10 0 1 16 11 2 16 
17 11 10 7 7 16 15 17 16 11 13 3 8 12 18 7 1 17 7 12 
3 19 4 12 2 4 9 11 17 4 11 4 15 18 8 9 5 12 19 9 
8 18 8 13 5 18 4 4 16 16 10 18 15 6 4 4 15 3 7 4 
4 13 16 12 18 17 8 16 9 0 5 12 12 13 9 19 10 4 2 7 
9 8 13 17 3 12 11 13 0 1 1 1 15 4 14 0 2 4 3 13 
4 13 7 7 12 12 6 18 13 10 11 14 14 10 5 15 10 14 11 13 
10 0 13 9 2 1 5 10 13 7 17 17 2 13 17 12 14 6 0 8 
9 17 16 0 7 3 0 7 4 6 3 5 11 17 15 4 8 5 8 13 
18 12 17 7 0 10 15 14 5 16 11 9 6 6 11 16 6 12 17 1 


100 340 20 100 80 340 80 340 320 220 400 160 160 320 280 160 340 140 40 140 

1 14 18 2 18 7 15 17 16 11 20 10 9 8 18 13 20 17 9 16 