20 true

4 8 8 13 9 16 9 7 5 10 10 15 14 14 6 16 19 16 0 11 
12 8 7 8 13 4 18 18 15 7 18 5 11 6 19 3 5 5 2 12 
16 3 3 6 17 6 1 12 0 9 19 19 9 18 10 0 6 18 8 9 
14 13 15 11 6 18 7 3 9 14 1 5 0 16 1 7 17 15 3 1 
2 16 7 15 5 0 13 7 2 12 16 9 17 6 7 13 13 5 9 19 
17 15 13 5 18 0 15 1 16 0 12 2 6 10 12 3 9 8 17 5 
3 10 7 18 4 16 8 0 17 8 18 18 2 15 3 0 5 2 16 1 
1 15 16 13 8 7 3 14 13 0 2 15 19 4 7 19 18 12 3 13 
17 18 15 10 19 12 10 5 6 6 19 12 14 8 19 11 5 16 12 0 
10 18 7 4 4 9 16 18 5 18 16 3 13 11 11 7 2 14 16 9 
17 17 6 15 6 3 13 18 7 18 13 3 17 9 16 8 9 6 7 2 
5 19 9 6 10 18 12 6 2 1 5 4 14 13 12 2 17 8 0 19 
2 7 2 1 4 16 18 11 5 9 8 8 19 8 4 14 12 15 3 3 
11 2 1 1 8 13 14 12 6 7 14 8 2 11 4 10 5 19 12 16 
3 8 3 13 15 17 19 16 5 17 12 7 17 5 12 8 16 8 6 16 
4 4 11 6 16 2 16 0 8 15 5 16 5 17 0 16 6 3 2 18 
4 1 2 19 2 11 7 6 18 13 7 5 14 5 13 13 0 18 0 6 
7 13 9 2 4 5 0 15 14 8 8 14 0 5 15 1 4 5 3 15 
13 1 2 7 13 17 15 14 13 6 4 6 8 17 12 9 11 17 10 12 
6 9 16 14 7 15 10 4 8 17 14 9 12 3 3 19 8 2 1 19 


40 240 280 180 380 200 220 20 20 40 340 340 340 240 60 240 320 40 380 400 

11 4 9 19 5 18 12 2 7 16 18 20 11 13 8 4 11 14 10 18 