20 true

18 16 15 8 13 13 1 17 15 11 15 19 18 9 4 11 10 6 13 16 
11 18 15 10 9 4 4 0 14 7 5 17 19 2 7 13 2 7 8 1 
8 14 1 7 3 6 18 3 7 12 12 17 8 13 6 4 5 5 2 5 
14 10 18 13 2 3 14 0 18 4 14 1 7 10 17 15 12 0 6 4 
17 11 2 1 11 12 1 15 11 9 8 2 5 0 2 2 7 17 7 9 
8 7 3 6 3 11 8 5 1 17 5 17 6 6 0 19 17 1 11 0 
8 18 11 7 10 18 17 4 18 3 7 3 15 0 14 15 9 14 14 11 
17 7 16 14 6 1 9 5 4 8 19 0 12 0 13 19 14 19 12 1 
17 14 3 18 19 9 0 9 14 5 3 11 15 12 12 9 9 10 14 2 
8 4 13 18 0 18 6 10 6 14 15 1 9 19 8 2 3 12 8 17 
5 14 3 17 14 13 9 11 6 16 8 8 16 7 17 18 16 16 8 9 
10 6 3 0 7 1 5 10 12 13 18 10 14 6 15 18 0 6 11 10 
19 2 0 12 16 6 4 17 4 13 12 12 10 8 3 12 6 12 10 6 
17 17 17 6 11 14 16 10 11 5 15 17 15 19 4 9 14 14 2 15 
0 10 7 9 16 17 14 17 17 17 5 0 15 10 0 15 6 15 11 5 
9 12 13 8 11 19 17 14 14 2 3 5 18 19 0 4 10 14 0 2 
3 17 13 7 6 5 11 15 2 10 0 9 11 11 13 3 1 11 4 17 
0 10 4 14 5 18 10 0 3 7 10 3 3 4 16 8 16 7 16 2 
15 1 3 10 6 19 9 5 16 1 9 3 9 2 3 19 18 0 19 6 
0 12 1 6 7 15 10 4 3 2 14 18 1 13 12 4 12 11 4 9 


180 40 120 360 320 160 240 160 100 400 340 340 40 200 20 400 60 280 200 200 

18 13 5 2 9 10 10 11 16 20 2 20 13 4 19 13 13 5 7 1 