20 true

18 16 17 10 14 5 19 14 1 4 17 12 17 8 10 15 3 18 4 19 
6 4 17 6 3 19 1 10 10 18 10 4 16 12 11 17 12 16 11 15 
2 16 0 19 13 6 11 19 10 4 9 5 19 12 11 1 8 19 13 18 
16 6 3 4 15 14 14 9 4 10 19 12 12 18 17 16 15 9 11 17 
15 7 13 14 15 16 5 18 8 10 4 17 17 6 11 1 6 18 15 1 
8 15 4 9 14 11 5 7 4 9 9 11 15 15 3 10 17 2 13 10 
12 8 0 4 16 2 15 7 12 18 2 9 6 10 8 9 1 4 11 13 
11 10 18 10 8 15 18 13 9 12 10 13 18 18 7 1 3 9 10 1 
13 1 12 19 1 10 1 11 15 4 7 0 0 0 6 11 17 9 2 6 
10 11 0 13 10 9 14 14 16 1 15 3 7 12 17 17 3 2 2 14 
5 18 14 8 19 8 19 2 6 1 7 1 19 9 13 15 8 8 8 8 
5 18 1 9 6 7 12 11 17 10 14 13 12 7 0 1 12 0 12 4 
4 19 5 3 5 5 1 8 16 17 10 9 19 12 11 17 8 8 7 19 
1 6 17 17 6 14 3 18 15 2 0 6 3 13 0 18 4 9 11 6 
8 18 9 3 8 16 12 7 13 19 12 7 18 0 7 13 2 13 7 8 
10 13 16 18 16 3 1 15 17 17 18 1 2 3 19 3 3 15 15 8 
11 15 14 0 3 11 15 12 4 1 9 4 16 10 14 17 2 10 16 9 
18 7 18 3 3 19 10 3 11 12 17 16 10 4 4 13 11 13 5 19 
5 11 5 11 3 17 16 14 18 3 8 8 14 1 8 11 15 17 5 1 
3 13 16 1 17 7 5 2 12 11 10 6 4 1 17 10 0 7 14 2 


200 320 40 180 20 280 40 40 180 220 300 160 380 380 140 300 140 200 20 200 

10 16 3 6 10 6 20 4 5 14 20 1 18 14 8 9 3 17 20 3 