20 true

19 14 15 4 1 7 15 10 11 18 15 4 7 5 17 12 12 3 2 14 
12 16 8 13 6 9 3 8 17 5 17 2 15 19 7 7 17 4 3 1 
3 19 17 15 12 4 4 6 2 6 13 11 12 13 4 14 0 2 7 19 
4 18 7 11 6 12 9 17 19 13 19 14 9 5 3 19 11 13 2 3 
4 1 7 19 5 1 15 16 0 11 1 16 13 7 10 7 8 14 16 13 
10 17 17 6 6 16 16 14 12 5 9 17 2 7 17 0 1 16 8 18 
8 7 4 6 11 5 17 9 18 2 4 8 5 3 7 2 18 12 14 9 
5 9 10 19 19 5 5 2 16 7 15 4 12 18 3 15 13 13 12 15 
18 4 11 11 14 10 19 12 8 3 7 9 3 19 0 15 6 13 6 16 
14 18 16 0 8 8 2 1 9 7 4 8 5 6 16 9 5 13 1 2 
14 11 14 8 9 19 6 11 15 11 17 0 13 7 12 10 4 1 1 3 
8 10 0 2 11 6 15 5 3 8 15 3 17 12 5 12 4 8 5 0 
14 19 15 3 5 10 13 11 9 3 8 13 6 11 12 16 7 14 9 7 
14 15 8 19 10 0 13 1 3 18 8 10 5 8 0 6 1 18 8 17 
8 2 16 16 12 0 8 12 15 19 15 1 13 13 11 2 0 19 19 4 
9 19 1 17 9 6 13 19 6 11 9 0 17 13 1 10 19 2 19 6 
4 7 5 17 19 5 19 1 15 17 3 4 2 10 11 1 15 3 9 8 
9 1 0 0 0 7 6 16 19 4 9 7 15 19 6 17 10 10 2 19 
15 5 6 2 13 2 7 9 8 6 10 19 7 17 18 2 3 15 1 14 
4 9 6 1 3 9 12 13 5 19 8 6 14 7 3 19 18 10 14 7 


160 260 320 200 400 40 340 40 260 40 300 180 220 340 240 320 80 360 200 260 

5 7 9 11 11 8 12 6 16 19 17 12 20 18 3 9 16 12 19 17 