20 true

18 8 2 14 17 16 2 2 16 7 1 16 7 3 7 4 0 2 5 12 
6 9 12 9 4 8 14 9 10 6 9 7 0 1 2 7 14 17 15 16 
11 6 8 15 14 15 10 10 7 9 6 4 3 14 11 8 5 7 0 9 
6 1 15 16 17 4 12 3 18 13 1 4 8 0 5 5 17 12 0 12 
6 10 10 14 17 11 17 9 7 19 7 9 15 10 17 13 5 1 8 6 
17 11 17 11 9 17 8 15 11 0 15 4 4 11 11 10 10 1 14 9 
13 16 9 12 19 12 14 11 2 8 14 11 13 2 13 17 9 3 15 19 
2 7 7 0 7 4 8 6 18 16 5 12 11 11 7 15 3 13 13 1 
15 1 6 6 5 3 1 12 13 9 13 4 15 8 17 14 17 12 15 3 
0 18 15 0 17 11 11 9 3 10 2 15 0 7 6 13 6 12 0 12 
9 0 0 11 10 4 18 6 1 15 10 12 1 7 5 12 12 3 18 12 
17 10 17 6 8 18 4 13 13 15 14 12 6 2 13 7 11 5 15 11 
9 10 11 0 12 15 10 1 4 9 17 15 4 7 13 18 18 6 16 4 
16 15 9 0 4 16 3 8 0 19 9 0 9 0 3 9 16 13 18 15 
15 16 19 4 11 10 0 9 10 15 15 5 12 15 5 19 0 15 0 6 
16 16 16 8 19 7 14 6 16 2 3 16 9 18 8 14 14 1 1 15 
5 7 19 19 6 5 7 15 6 5 10 4 8 2 16 9 0 0 11 11 
11 19 4 19 15 14 11 13 8 11 16 2 15 4 18 7 6 6 19 1 
10 17 14 16 4 10 15 0 6 5 18 9 2 17 13 16 8 18 1 3 
2 7 11 9 3 5 3 11 10 11 19 11 2 10 8 11 9 19 0 4 


100 400 60 20 40 20 320 200 280 340 280 300 380 320 220 20 140 280 220 180 

13 8 16 18 8 7 4 11 18 6 9 15 8 4 4 18 9 1 2 12 