20 true

1 0 10 3 10 13 4 18 5 0 9 13 12 6 18 1 19 18 15 4 
15 12 16 5 6 11 9 19 11 15 13 13 16 6 7 1 11 10 2 16 
2 5 16 6 10 13 14 10 5 11 13 6 6 11 1 4 5 13 5 17 
3 12 14 0 16 0 12 8 7 9 0 4 14 13 17 9 9 1 3 3 
18 9 18 4 8 11 8 0 11 6 13 14 19 15 3 5 5 14 17 12 
10 15 1 18 13 10 6 11 13 7 3 14 4 9 12 2 2 8 6 5 
9 13 0 14 14 10 10 2 9 4 16 0 9 15 16 5 0 16 12 17 
17 16 18 8 19 10 1 9 18 9 7 13 2 4 2 4 18 11 6 6 
0 7 3 6 0 5 15 9 12 9 16 17 15 4 18 16 6 12 17 11 
2 3 7 1 16 19 14 12 8 2 3 19 18 16 12 19 3 18 6 3 
11 9 5 1 10 4 12 1 19 6 11 13 8 17 19 7 17 1 5 8 
3 5 3 9 10 17 12 7 13 14 0 1 10 9 0 10 2 8 5 6 
6 12 5 18 6 0 5 17 2 8 7 19 13 6 18 1 0 19 5 17 
7 7 14 5 1 18 1 9 10 18 10 18 12 4 12 2 14 14 17 1 
16 15 9 14 2 2 11 3 3 19 10 15 15 17 3 10 12 12 8 18 
3 0 9 16 18 19 14 16 12 3 16 12 14 8 7 6 13 1 0 10 
9 11 1 2 7 6 14 12 5 9 7 8 18 4 15 2 10 10 10 7 
7 13 10 11 4 4 17 12 14 1 19 16 14 3 13 1 15 1 11 19 
11 15 3 6 2 18 16 16 12 6 5 16 13 15 12 8 4 8 19 3 
11 18 13 7 3 0 8 1 11 13 13 5 16 6 18 17 16 2 2 13 


60 60 340 160 160 240 40 160 40 200 60 260 320 360 200 320 340 220 80 80 

9 4 16 7 18 6 7 14 3 5 19 10 9 19 19 14 15 14 8 4 