20 true

18 13 1 10 2 3 18 5 4 11 6 13 2 2 0 11 13 3 10 7 
19 8 1 14 16 18 14 3 0 17 15 6 12 6 2 6 6 12 7 4 
0 1 17 18 18 10 9 1 5 18 15 4 7 6 9 11 9 7 15 12 
6 0 1 2 16 6 19 6 0 4 1 1 13 18 14 10 15 13 19 4 
0 7 8 2 19 2 16 11 12 4 19 18 0 15 2 17 1 4 2 16 
12 10 9 12 11 5 4 17 3 6 12 3 12 10 15 11 1 16 1 9 
7 11 8 9 7 9 16 2 14 3 12 17 2 7 1 19 14 12 11 19 
16 12 17 15 10 14 8 4 15 15 19 3 17 4 14 14 17 14 3 1 
4 16 18 4 11 2 18 19 19 1 19 8 19 2 10 1 3 8 17 0 
18 4 17 0 1 6 12 13 14 11 18 16 3 3 12 7 6 10 2 4 
2 5 16 10 10 10 7 1 8 2 7 1 13 13 3 19 11 18 18 10 
8 3 19 7 5 3 13 4 3 1 2 7 3 16 2 5 19 13 6 4 
8 6 15 10 3 16 4 3 2 6 16 4 2 15 4 0 6 17 19 8 
5 7 16 15 10 9 1 9 8 0 5 4 7 16 3 0 7 15 3 1 
10 14 0 13 4 13 9 2 16 0 3 9 0 13 17 1 2 16 14 3 
9 18 15 15 1 16 7 12 17 15 5 9 4 10 15 2 16 4 10 12 
10 7 5 7 19 19 17 18 3 9 4 1 11 14 4 11 18 1 14 1 
6 3 7 3 2 2 16 13 1 17 6 11 15 3 4 7 16 19 2 3 
3 7 3 15 12 16 14 9 3 14 9 7 9 10 2 8 8 9 6 1 
1 11 3 11 5 19 19 12 11 13 8 19 6 11 5 3 19 19 10 19 


240 80 220 240 120 340 140 300 340 380 200 160 200 220 340 80 240 140 20 240 

10 5 16 16 5 20 5 1 4 20 6 18 17 8 3 7 11 18 18 17 