20 true

2 11 1 13 5 2 18 3 14 18 11 9 4 10 16 7 5 7 4 5 
9 7 4 16 13 4 3 11 12 13 16 0 5 13 2 8 17 19 19 11 
18 7 11 9 3 3 19 9 12 18 12 14 8 14 11 10 9 10 5 10 
8 17 4 17 8 14 19 11 19 4 1 14 12 1 6 3 7 16 17 2 
8 7 13 3 3 19 15 0 18 5 17 8 16 7 7 18 4 1 0 12 
2 13 5 1 1 13 15 2 7 9 14 18 19 18 10 19 19 10 16 18 
0 6 3 8 17 18 4 6 5 9 14 2 10 13 6 13 17 7 19 14 
17 4 8 18 1 9 3 4 10 7 15 9 17 17 0 11 5 2 5 18 
8 11 18 14 11 19 0 9 15 16 7 11 1 11 8 12 11 10 0 12 
10 4 18 12 12 13 11 2 16 13 18 2 0 3 11 6 5 16 3 11 
3 16 0 7 4 8 13 14 18 0 9 12 4 0 2 1 5 17 13 4 
3 13 5 9 9 14 13 19 11 2 19 2 10 17 12 3 18 6 8 11 
14 2 11 15 16 5 14 2 14 1 18 3 3 14 16 16 3 17 18 12 
17 16 15 9 13 3 7 16 8 3 10 9 1 12 18 6 15 1 4 19 
9 11 8 7 7 4 19 18 5 17 11 7 14 1 10 9 3 1 16 6 
16 1 14 4 17 9 11 11 18 6 17 10 19 19 16 11 2 14 7 13 
19 12 16 8 8 15 14 8 10 12 8 11 4 1 11 12 10 18 5 2 
3 7 7 6 19 16 17 19 3 9 15 12 7 8 1 4 14 13 15 9 
19 10 18 19 17 12 19 1 3 5 5 12 5 11 5 0 0 1 14 3 
16 2 0 2 14 9 8 12 11 9 11 6 17 0 5 14 3 13 0 16 


380 160 360 120 40 340 360 100 320 280 240 280 360 300 220 280 340 260 60 400 

11 20 6 9 16 10 14 17 7 18 14 16 11 11 20 10 20 13 8 17 