20 true

7 4 4 19 17 12 3 10 11 0 8 2 11 4 1 18 8 1 11 8 
16 9 3 16 16 3 18 1 0 0 17 17 18 14 6 2 11 8 19 16 
7 16 18 17 12 11 19 13 18 8 6 14 17 1 14 18 6 11 10 9 
12 16 14 19 12 6 0 13 0 5 1 10 9 4 17 13 16 5 15 3 
12 9 3 7 9 4 17 7 16 11 9 3 11 17 18 18 15 3 15 6 
0 0 17 14 2 12 11 11 19 0 2 13 7 15 13 2 1 3 13 5 
19 15 16 12 0 16 3 13 18 11 16 0 8 15 11 17 14 5 17 12 
17 15 12 4 11 14 3 5 18 4 13 5 11 17 16 19 4 5 1 18 
11 11 17 2 11 11 1 7 14 17 1 6 13 15 0 0 14 6 4 12 
16 13 11 2 12 11 15 13 16 12 8 3 11 15 18 11 10 15 11 13 
0 2 5 0 18 15 14 8 18 6 4 10 7 13 16 8 11 8 5 3 
0 4 17 3 2 19 16 4 13 10 6 6 5 7 16 16 18 2 11 5 
11 16 2 6 4 6 7 2 5 2 5 11 18 13 11 18 19 0 16 16 
17 17 15 3 4 7 18 4 12 1 5 16 6 13 3 13 8 19 13 18 
18 14 12 17 11 19 15 14 8 18 13 10 13 6 13 15 15 11 2 0 
11 0 18 14 1 13 3 12 17 10 12 3 16 19 3 11 4 19 3 15 
17 0 9 10 15 8 3 0 14 17 12 9 11 0 16 11 18 17 2 16 
18 16 18 19 6 2 7 12 12 4 7 6 1 4 9 7 9 16 8 19 
1 2 10 12 12 2 12 7 19 6 12 3 17 5 5 7 6 7 7 1 
17 0 0 18 19 7 5 0 15 7 14 1 14 2 19 13 5 16 2 1 


360 240 100 60 100 220 400 120 200 160 160 200 100 360 60 260 80 60 40 120 

18 18 9 9 1 15 6 14 10 3 5 12 19 1 14 17 13 4 19 1 