20 true

16 7 7 13 19 19 12 18 12 0 11 8 14 10 2 19 15 0 8 7 
8 3 19 11 3 10 12 19 6 16 18 16 13 7 11 3 19 9 14 6 
14 5 13 15 15 16 8 10 19 11 10 8 6 6 5 10 11 12 0 8 
19 2 10 11 0 10 6 15 0 18 17 4 14 19 13 2 14 17 14 7 
13 14 3 11 1 9 10 5 12 18 12 19 12 13 15 10 12 10 16 4 
8 0 19 13 15 18 9 16 1 2 11 14 10 17 2 1 8 1 12 12 
5 5 8 9 10 9 3 14 5 0 2 6 7 2 1 8 10 9 5 18 
19 17 14 18 8 18 4 19 4 9 7 16 11 3 19 3 0 14 9 3 
16 3 5 9 14 3 16 15 5 9 8 1 16 7 7 7 3 3 15 1 
14 4 8 12 13 11 0 11 13 15 0 15 1 0 10 19 13 2 5 6 
13 16 3 8 0 14 16 10 1 7 14 4 15 5 5 18 5 4 2 18 
1 15 14 15 12 17 1 3 14 19 15 18 6 11 11 17 13 5 10 13 
9 8 8 12 2 14 13 10 3 0 15 5 5 16 5 0 0 9 0 2 
3 10 10 16 4 19 17 7 2 9 5 16 7 19 10 8 3 2 6 19 
4 18 14 17 8 2 1 0 8 0 19 8 5 10 1 3 15 18 18 4 
3 8 8 9 9 5 14 14 9 10 1 19 11 8 19 5 0 1 13 15 
19 5 13 16 2 10 16 4 11 0 9 11 12 3 12 0 7 1 6 9 
0 17 19 13 10 7 8 15 7 6 9 16 15 0 1 11 3 5 1 12 
17 17 16 2 18 13 13 7 7 5 7 1 16 9 12 0 17 2 13 7 
12 5 7 16 19 16 10 12 18 18 12 17 4 17 0 12 12 19 18 7 


360 360 300 100 400 60 340 320 160 180 180 280 200 340 20 280 160 180 180 60 

16 14 13 15 9 6 12 13 20 18 1 4 19 20 3 5 2 13 12 3 