20 true

7 8 18 17 10 18 2 13 12 12 19 5 13 6 7 0 10 16 6 4 
0 5 17 10 17 2 15 10 4 0 4 10 9 17 15 19 7 10 7 5 
5 7 7 10 0 4 3 18 17 19 1 3 6 1 4 16 16 15 16 13 
17 10 16 0 12 17 13 5 16 10 6 4 0 12 7 15 4 12 3 19 
17 19 9 4 11 13 6 2 2 17 17 13 13 19 3 2 14 16 5 19 
13 9 19 15 2 8 16 9 4 18 13 9 12 11 17 13 19 6 1 2 
11 10 1 3 8 2 6 0 18 7 1 18 8 9 8 0 10 5 2 12 
4 3 5 15 19 15 3 14 3 9 17 15 4 7 5 6 13 3 14 8 
16 5 3 15 10 9 3 8 2 12 13 18 0 14 6 15 19 3 19 6 
9 13 17 12 6 14 8 19 12 15 15 2 15 10 8 13 10 8 0 5 
5 19 16 0 5 15 2 6 2 12 5 1 15 11 3 11 11 17 11 19 
9 15 13 18 8 7 7 9 19 12 7 1 13 9 15 12 15 14 2 16 
0 6 18 5 15 2 13 6 9 8 0 3 10 2 4 9 17 11 5 8 
1 19 12 12 4 4 14 16 7 6 14 9 5 2 9 7 1 8 1 15 
10 8 8 6 1 14 1 6 3 19 0 13 15 3 6 0 5 0 11 19 
9 13 18 13 11 3 16 19 16 18 13 0 8 6 18 17 14 1 4 11 
7 1 17 18 19 11 17 5 12 16 0 8 18 8 6 1 18 2 7 14 
9 1 17 7 7 5 19 15 10 0 3 11 1 13 4 5 4 9 12 7 
16 6 8 5 12 0 8 13 12 5 17 8 19 6 8 16 16 14 3 9 
5 16 12 1 8 17 2 4 15 16 2 4 8 8 15 5 11 13 3 11 


400 180 340 100 120 240 300 220 40 60 200 380 280 100 320 200 360 40 280 100 

19 2 17 19 3 2 1 5 4 11 5 11 16 19 9 20 19 9 12 15 