20 true

7 19 9 2 19 9 3 17 2 9 0 2 3 3 7 6 11 11 6 10 
3 10 4 10 14 8 1 15 2 9 3 6 0 12 4 3 6 17 1 15 
10 17 8 12 1 12 15 10 18 5 4 10 19 6 2 7 15 17 7 14 
13 1 3 11 4 9 5 6 17 13 14 7 12 9 1 9 13 16 15 14 
11 0 14 6 1 17 8 16 0 8 3 4 7 10 15 3 6 19 16 0 
12 11 15 13 4 7 11 8 1 5 6 11 3 3 11 3 4 8 15 3 
9 13 3 0 5 12 0 4 2 7 17 2 4 16 8 2 14 3 12 15 
10 13 11 8 6 11 18 10 1 7 19 16 3 19 10 3 16 12 15 10 
13 10 8 9 4 19 19 19 3 17 13 11 8 19 18 4 13 4 18 8 
6 11 13 5 4 8 10 15 0 17 19 16 18 1 17 16 10 10 6 14 
7 6 10 18 14 18 15 8 2 10 14 10 11 1 14 2 17 18 12 2 
17 10 13 4 15 0 15 19 6 13 14 18 15 10 19 16 17 4 19 12 
10 14 4 14 3 8 19 10 16 0 18 13 19 0 2 17 16 4 6 9 
7 14 2 17 7 5 19 9 0 15 6 1 4 9 18 13 5 13 6 9 
4 6 11 11 2 9 7 18 4 10 15 6 1 15 16 1 12 16 9 15 
18 1 15 18 10 3 19 14 5 5 14 11 3 9 8 10 5 12 19 14 
6 2 11 17 9 14 11 4 14 16 12 10 1 18 1 15 4 2 4 19 
5 1 19 4 16 18 15 15 9 12 18 4 19 4 14 7 15 10 4 11 
19 17 14 14 0 16 11 0 1 11 4 8 17 13 19 0 3 19 7 18 
0 8 4 5 2 9 16 4 15 3 15 5 4 19 2 1 2 8 10 6 


260 100 120 80 160 340 80 220 160 200 280 40 200 380 200 60 160 400 260 100 

20 14 10 11 11 14 11 5 12 10 8 2 16 11 18 4 18 20 1 15 