20 true

13 11 14 16 14 1 11 4 3 18 19 8 6 2 4 16 7 7 3 7 
0 1 10 11 12 16 19 12 9 17 14 9 12 15 10 2 18 1 0 17 
9 6 1 10 18 4 1 3 19 19 8 13 4 9 0 6 18 1 10 17 
15 3 17 19 9 10 1 19 14 8 17 10 5 10 13 8 12 3 9 18 
14 12 2 3 18 18 3 19 10 10 10 0 13 5 1 18 18 13 6 14 
1 13 8 12 4 16 14 9 14 8 7 4 9 17 0 17 16 18 17 6 
5 4 5 9 4 5 6 17 1 17 19 4 2 2 8 10 12 13 4 1 
17 10 15 10 18 10 2 3 12 17 2 10 17 6 11 1 2 7 4 6 
7 16 1 4 2 4 19 19 2 19 13 13 14 4 15 14 15 2 3 1 
17 15 1 18 6 5 8 9 15 5 10 4 15 16 9 9 13 7 12 3 
18 14 14 17 17 3 8 16 9 12 10 13 0 7 13 9 3 3 10 6 
17 18 10 3 14 12 4 14 4 12 12 14 10 9 0 19 4 11 3 8 
14 11 6 6 6 2 8 7 15 1 4 9 2 1 11 12 16 5 5 5 
2 3 0 4 14 7 7 2 4 3 10 7 4 7 10 18 0 16 12 9 
2 19 18 7 7 11 5 19 9 11 17 3 0 7 18 2 12 14 8 13 
19 9 3 8 12 13 15 5 9 13 18 1 19 16 1 2 6 18 5 18 
17 8 17 2 1 4 8 18 18 3 7 16 8 3 5 13 2 16 2 0 
0 15 10 18 19 12 12 8 4 3 4 19 5 6 9 11 6 6 18 1 
14 8 9 12 14 18 10 1 6 14 1 5 8 18 18 14 13 8 9 0 
11 4 10 18 15 2 1 3 8 9 11 0 12 16 11 3 1 15 14 12 


180 360 320 240 280 400 100 80 380 320 20 380 280 400 300 380 60 300 40 400 

15 15 8 8 6 19 12 13 5 15 8 9 15 5 1 19 7 10 11 3 