20 true

5 19 2 0 4 14 3 5 7 9 17 10 6 6 1 18 9 11 0 5 
14 4 4 3 19 2 15 10 1 0 0 18 17 5 11 12 19 3 13 6 
4 3 0 1 4 16 16 10 6 10 11 1 0 0 17 8 10 15 12 5 
9 5 14 16 1 18 1 0 0 2 6 18 1 10 19 13 12 7 1 7 
13 0 4 6 11 6 14 4 3 13 17 9 12 15 18 13 16 2 8 19 
13 8 7 2 11 19 5 5 16 2 13 7 2 15 17 14 19 17 10 3 
3 17 17 13 0 4 15 11 17 3 15 2 18 9 8 16 16 9 11 9 
1 9 19 19 6 7 3 5 4 11 17 7 19 11 1 18 13 4 13 6 
11 5 1 18 9 0 1 14 18 6 11 17 12 4 18 7 8 4 16 4 
15 17 14 7 14 14 7 10 5 12 1 17 11 11 16 19 2 10 13 11 
2 8 16 7 7 9 8 14 3 7 13 8 9 7 9 18 15 6 12 16 
9 4 15 3 3 17 8 1 7 13 13 15 6 2 9 2 5 12 15 11 
14 19 15 2 18 13 9 13 10 5 16 3 7 9 11 4 14 5 14 10 
6 7 9 11 4 15 8 2 0 11 11 17 18 15 13 17 13 19 15 0 
10 2 4 2 17 5 8 10 13 3 4 16 11 8 12 16 7 7 2 18 
14 9 0 2 11 7 2 1 10 19 5 2 15 16 7 11 19 3 17 15 
3 7 11 18 16 6 4 2 4 16 0 1 10 5 4 19 18 17 8 9 
1 9 9 14 18 7 7 19 10 1 6 14 15 4 10 12 14 8 6 10 
0 2 4 16 4 19 14 1 15 14 10 1 6 13 4 7 12 18 2 0 
1 11 3 19 12 18 12 19 0 19 17 9 6 7 0 14 9 0 4 0 


40 340 400 360 180 20 60 40 60 280 120 340 280 400 400 320 360 240 360 40 

17 19 17 6 12 20 10 17 10 15 19 6 6 3 14 8 10 13 3 2 