20 true 30

18 6 7 18 2 18 2 18 16 5 17 7 7 5 13 18 19 1 7 9 
12 15 0 19 3 1 15 7 4 12 7 19 15 13 13 12 8 10 17 5 
12 11 5 9 9 7 2 13 13 15 2 6 11 4 4 7 9 19 8 10 
8 0 11 14 7 14 2 18 10 17 7 5 18 2 14 13 8 2 4 9 
7 3 3 11 13 8 19 17 18 14 5 13 12 5 5 9 18 10 3 0 
4 19 1 7 0 3 5 11 8 12 19 2 0 12 6 6 11 8 11 12 
17 10 15 4 2 2 13 11 10 12 10 4 16 1 12 15 8 17 19 6 
16 18 9 9 1 9 16 4 3 10 10 8 14 3 2 4 19 10 18 10 
2 8 1 11 18 6 9 12 7 9 13 2 16 3 16 15 10 1 5 16 
1 0 12 14 5 12 1 1 4 6 1 5 7 8 10 0 0 3 10 18 
13 3 15 5 16 6 17 13 0 15 11 18 15 2 4 9 2 15 4 15 
5 7 3 3 0 8 17 11 2 10 12 13 10 14 8 7 13 7 1 0 
7 5 19 11 7 11 12 11 10 4 3 1 19 18 16 12 7 8 13 19 
4 19 13 6 11 3 10 11 6 7 6 3 9 16 19 19 1 10 18 16 
2 13 8 2 11 13 12 13 9 5 7 8 14 15 0 6 11 7 15 5 
5 0 0 11 12 7 0 14 2 12 14 9 11 9 11 6 6 5 0 16 
6 0 2 0 16 5 11 7 13 15 3 9 19 7 1 2 19 15 10 13 
19 17 6 4 15 5 4 10 14 18 0 6 13 17 5 3 18 7 9 0 
2 1 13 8 11 9 10 9 0 19 10 13 12 4 13 6 7 18 5 5 
14 16 1 4 13 1 14 1 17 13 0 16 1 11 5 12 9 11 13 13 

57 57 
2 1 13 
2 4 13 
2 4 12 
2 9 14 
2 4 5 
2 8 15 
2 2 4 
2 17 3 
2 1 6 
2 16 1 
2 3 4 
2 16 17 
2 19 4 
2 0 14 
2 18 13 
2 3 5 
2 8 11 
2 1 15 
2 12 14 
2 18 13 
2 17 14 
2 17 4 
2 19 13 
2 5 6 
2 18 7 
2 2 3 
2 0 2 
2 17 10 
2 4 5 
2 19 10 
2 6 14 
2 18 11 
2 17 3 
2 4 9 
2 18 12 
2 9 12 
2 19 14 
2 4 12 
2 19 9 
2 17 18 
2 2 15 
2 0 2 
2 19 14 
2 2 6 
2 18 10 
2 18 11 
2 6 9 
2 10 15 
2 3 14 
2 16 8 
2 16 14 
2 19 7 
2 9 14 
2 16 5 
2 11 14 
2 0 17 
2 6 11 

2 16 17 
2 1 18 
2 10 11 
2 17 7 
2 18 7 
2 1 8 
2 1 10 
2 1 3 
2 4 11 
2 18 14 
2 7 14 
2 19 13 
2 17 8 
2 2 3 
2 2 12 
2 18 8 
2 2 10 
2 16 1 
2 18 8 
2 6 10 
2 1 9 
2 5 7 
2 11 13 
2 19 8 
2 3 8 
2 2 9 
2 10 12 
2 18 11 
2 16 12 
2 17 9 
2 16 2 
2 10 14 
2 5 6 
2 17 12 
2 0 15 
2 8 11 
2 0 18 
2 0 17 
2 0 15 
2 0 3 
2 6 11 
2 17 11 
2 8 14 
2 0 12 
2 18 3 
2 17 5 
2 16 2 
2 19 10 
2 4 9 
2 2 15 
2 5 9 
2 17 5 
2 17 12 
2 18 10 
2 17 9 
2 0 15 
2 0 8 
