20 true 28

5 14 9 13 12 5 8 10 0 5 17 17 9 14 2 10 4 10 5 13 
13 16 6 13 11 10 11 12 5 6 10 8 9 18 0 16 2 15 10 15 
13 16 15 13 0 13 8 13 13 12 3 7 2 1 13 15 13 13 14 17 
4 15 7 12 8 0 6 17 3 19 1 19 10 12 8 5 18 12 12 14 
1 9 7 1 9 7 2 11 2 11 5 13 2 15 13 19 8 19 1 1 
18 4 0 5 15 6 8 11 6 4 1 15 4 18 9 16 3 4 11 2 
13 13 18 8 7 19 15 13 14 11 1 15 15 14 10 10 3 19 11 9 
16 1 2 10 10 18 3 16 17 2 18 18 18 0 8 18 6 15 2 2 
10 14 19 8 11 1 18 6 8 6 18 4 8 2 15 19 10 15 11 10 
12 18 9 2 1 0 17 9 12 18 8 17 2 1 6 0 11 8 10 11 
15 5 4 16 18 19 3 0 3 5 17 0 9 14 17 6 19 18 1 3 
3 15 9 12 11 0 16 11 2 4 0 11 14 9 16 15 15 18 18 17 
17 4 4 16 16 16 17 19 13 7 14 4 17 3 4 2 9 4 15 19 
10 15 1 13 16 2 13 16 17 6 0 4 7 2 1 10 5 9 17 6 
6 12 1 1 3 0 8 4 5 18 4 13 3 19 6 6 13 13 13 5 
11 6 16 18 19 13 16 8 6 0 17 6 5 11 7 11 6 19 13 5 
2 17 15 15 17 6 1 2 3 17 9 17 5 10 10 10 2 0 10 16 
10 14 19 7 2 19 6 16 9 11 17 14 4 19 15 4 3 4 16 0 
3 11 16 0 8 15 6 16 0 19 1 5 9 2 12 0 3 5 12 4 
4 4 5 17 11 14 5 14 3 8 18 17 11 5 5 18 5 16 2 3 

53 53 
2 11 13 
2 0 18 
2 12 13 
2 16 5 
2 18 15 
2 5 15 
2 2 8 
2 16 12 
2 18 8 
2 0 19 
2 12 14 
2 3 13 
2 5 7 
2 18 14 
2 1 10 
2 18 19 
2 2 5 
2 3 12 
2 5 14 
2 19 11 
2 2 15 
2 16 17 
2 2 6 
2 17 12 
2 3 14 
2 0 10 
2 1 8 
2 6 7 
2 17 2 
2 4 15 
2 10 15 
2 4 12 
2 6 10 
2 0 2 
2 3 13 
2 17 12 
2 2 4 
2 2 10 
2 5 12 
2 0 5 
2 6 10 
2 6 15 
2 16 11 
2 13 14 
2 18 9 
2 5 6 
2 2 18 
2 1 14 
2 9 12 
2 11 13 
2 7 9 
2 0 9 
2 1 5 

2 10 11 
2 0 16 
2 16 8 
2 13 15 
2 18 11 
2 18 12 
2 16 4 
2 4 9 
2 18 13 
2 3 4 
2 6 14 
2 17 1 
2 17 12 
2 18 13 
2 17 9 
2 19 4 
2 0 19 
2 18 19 
2 5 9 
2 12 14 
2 10 12 
2 4 15 
2 10 11 
2 1 14 
2 3 12 
2 5 15 
2 3 7 
2 19 4 
2 17 5 
2 3 19 
2 1 17 
2 18 5 
2 7 14 
2 1 8 
2 5 12 
2 2 7 
2 17 4 
2 1 7 
2 5 6 
2 8 13 
2 17 14 
2 3 4 
2 0 7 
2 7 11 
2 2 10 
2 17 11 
2 17 2 
2 0 18 
2 18 3 
2 19 12 
2 19 10 
2 19 4 
2 6 9 
