20 true 30

10 0 11 14 10 15 19 7 3 10 1 6 6 17 19 4 8 18 9 7 
16 12 0 3 1 12 5 6 18 7 1 19 10 7 5 2 0 2 10 8 
0 7 16 17 8 19 8 19 16 18 13 7 15 13 3 17 2 7 6 13 
1 11 12 6 10 16 6 1 3 19 15 5 16 8 7 6 5 8 10 11 
13 4 16 19 15 18 15 12 15 3 19 19 9 7 13 6 15 13 12 3 
6 17 4 16 9 17 8 16 9 0 12 15 12 2 2 12 7 0 14 6 
18 19 12 13 11 18 9 19 2 18 3 11 4 10 12 17 9 7 1 6 
18 3 0 13 8 8 17 8 14 2 13 17 18 19 14 7 19 19 11 1 
17 14 2 5 4 19 17 2 4 5 1 4 19 5 11 18 6 5 15 3 
14 15 14 13 6 14 11 18 1 5 8 13 0 13 18 6 10 9 17 18 
15 7 1 10 3 17 17 12 14 12 5 11 15 15 15 7 12 16 8 1 
2 7 13 0 12 1 3 8 16 8 0 19 13 16 18 17 12 15 17 1 
6 19 19 2 16 2 12 3 8 1 14 19 16 6 17 11 11 1 2 10 
18 1 8 0 10 18 10 5 0 8 7 18 1 19 15 2 13 13 15 2 
8 8 9 8 2 10 6 5 2 14 13 0 14 13 3 2 12 0 8 9 
5 10 0 19 18 17 11 5 2 4 4 4 4 5 2 17 14 14 19 8 
1 10 12 15 12 15 5 8 16 19 18 12 1 17 0 6 13 3 5 3 
2 16 11 9 4 14 7 5 19 18 13 12 11 9 3 6 5 8 17 17 
17 6 6 10 9 10 10 7 16 14 14 11 19 6 15 5 5 5 13 4 
3 9 0 6 11 18 12 18 13 8 18 3 9 8 7 11 12 4 1 3 

57 57 
2 3 9 
2 3 15 
2 17 18 
2 16 13 
2 7 10 
2 18 3 
2 3 7 
2 19 14 
2 5 6 
2 2 3 
2 8 12 
2 18 19 
2 19 11 
2 0 4 
2 16 13 
2 1 12 
2 1 3 
2 10 15 
2 14 15 
2 9 10 
2 6 10 
2 4 6 
2 18 10 
2 1 9 
2 19 14 
2 19 11 
2 11 15 
2 0 16 
2 4 6 
2 3 5 
2 7 14 
2 18 13 
2 13 14 
2 19 15 
2 3 12 
2 5 8 
2 4 7 
2 7 12 
2 12 15 
2 19 8 
2 5 8 
2 0 4 
2 17 12 
2 16 5 
2 16 5 
2 1 5 
2 2 10 
2 3 13 
2 4 9 
2 1 9 
2 16 19 
2 18 11 
2 13 14 
2 0 15 
2 6 10 
2 6 9 
2 7 9 

2 17 18 
2 13 14 
2 19 11 
2 2 4 
2 6 12 
2 0 8 
2 12 13 
2 2 6 
2 19 11 
2 19 5 
2 7 8 
2 16 5 
2 18 9 
2 18 10 
2 19 8 
2 2 8 
2 3 12 
2 19 13 
2 17 6 
2 17 5 
2 0 3 
2 2 13 
2 19 5 
2 5 14 
2 3 10 
2 17 18 
2 1 5 
2 17 11 
2 17 11 
2 18 12 
2 16 2 
2 6 12 
2 16 5 
2 19 4 
2 0 9 
2 19 9 
2 0 10 
2 1 5 
2 5 9 
2 5 6 
2 16 4 
2 18 15 
2 2 8 
2 3 11 
2 3 5 
2 0 4 
2 16 6 
2 3 6 
2 2 15 
2 19 6 
2 0 2 
2 16 13 
2 2 15 
2 6 15 
2 16 4 
2 6 13 
2 11 13 
