20 true 28

7 11 18 9 12 0 1 5 3 8 15 15 19 5 0 17 10 13 0 0 
13 16 7 5 6 3 18 4 12 5 14 0 18 2 17 15 9 0 15 9 
2 12 19 4 5 5 16 7 14 7 11 14 6 14 1 17 1 9 3 15 
8 0 11 3 13 16 10 15 0 10 11 7 12 6 14 9 14 9 10 3 
8 3 12 14 13 19 3 0 4 8 16 18 1 10 16 17 13 8 11 3 
2 14 18 10 16 6 13 17 5 17 11 2 7 15 13 2 6 6 16 9 
7 17 10 6 7 17 13 1 13 6 0 9 10 13 0 19 16 6 16 9 
10 1 10 1 16 3 10 4 2 15 6 19 17 5 18 1 10 12 19 16 
9 9 10 17 18 15 17 6 16 10 0 9 17 0 4 7 10 5 19 12 
1 2 16 16 16 13 3 10 11 9 15 15 0 8 16 19 16 0 18 3 
13 4 9 18 9 18 7 16 17 0 4 13 18 18 14 4 3 9 6 10 
14 12 12 6 8 5 16 0 4 10 3 14 8 14 19 13 5 5 2 19 
10 9 11 6 13 18 7 2 12 13 11 5 0 19 13 0 5 2 9 9 
19 18 8 4 18 1 11 13 10 8 6 0 8 0 8 6 16 16 15 19 
8 4 10 10 13 18 2 3 0 7 7 19 10 17 16 5 10 2 6 7 
15 3 5 15 19 2 19 8 2 9 7 7 2 9 19 1 5 0 6 13 
2 16 2 9 16 1 10 11 14 14 7 12 14 9 10 16 9 12 14 12 
3 3 9 12 12 4 9 11 6 9 17 3 8 5 5 8 9 6 9 13 
2 5 3 2 0 9 1 7 10 6 6 9 13 1 16 15 18 3 1 0 
5 1 1 8 10 15 4 3 13 8 8 9 18 4 10 10 6 17 13 2 

53 53 
2 0 3 
2 3 4 
2 4 6 
2 1 13 
2 1 17 
2 8 9 
2 18 10 
2 17 9 
2 16 10 
2 2 10 
2 12 15 
2 10 13 
2 19 13 
2 0 15 
2 19 12 
2 8 10 
2 6 14 
2 8 15 
2 1 18 
2 12 13 
2 1 12 
2 8 15 
2 19 12 
2 17 13 
2 17 9 
2 10 12 
2 17 14 
2 3 11 
2 18 12 
2 7 13 
2 5 14 
2 19 7 
2 16 4 
2 1 18 
2 3 12 
2 12 13 
2 2 14 
2 16 15 
2 6 7 
2 18 3 
2 17 2 
2 10 11 
2 18 15 
2 16 7 
2 17 1 
2 10 11 
2 2 18 
2 17 6 
2 17 4 
2 4 12 
2 1 19 
2 3 14 
2 3 6 

2 0 7 
2 10 11 
2 5 15 
2 19 3 
2 18 11 
2 0 10 
2 16 17 
2 1 2 
2 19 12 
2 1 17 
2 11 15 
2 19 5 
2 5 9 
2 19 15 
2 16 7 
2 10 12 
2 16 3 
2 11 12 
2 8 13 
2 7 12 
2 1 17 
2 16 2 
2 7 12 
2 4 13 
2 18 7 
2 1 8 
2 5 6 
2 6 13 
2 1 4 
2 18 5 
2 5 15 
2 17 15 
2 0 8 
2 19 7 
2 12 14 
2 2 6 
2 5 11 
2 19 8 
2 19 10 
2 10 11 
2 16 4 
2 10 15 
2 2 12 
2 3 19 
2 0 4 
2 17 3 
2 6 14 
2 6 7 
2 10 14 
2 0 12 
2 0 10 
2 10 15 
2 17 10 
