20 true 28

18 10 0 8 6 8 2 4 19 12 10 6 7 15 16 18 11 7 19 18 
9 4 5 8 14 19 13 1 19 10 0 14 6 11 8 16 3 14 10 4 
4 2 8 0 16 15 19 16 13 5 17 5 13 4 8 19 6 18 9 1 
12 18 10 16 16 12 7 12 10 19 19 17 13 12 8 14 2 1 15 19 
2 6 8 1 18 3 7 19 14 13 19 12 7 6 10 6 10 8 2 9 
3 12 17 14 19 7 10 13 10 5 18 16 1 12 6 19 18 18 3 4 
1 12 1 10 2 5 2 17 4 5 10 17 14 3 7 9 15 2 12 17 
0 3 2 8 0 0 13 18 12 6 18 16 15 6 9 2 17 7 14 9 
9 13 5 11 13 5 10 3 18 19 8 14 2 0 11 8 6 4 10 2 
8 11 3 0 6 16 6 11 9 13 8 18 9 12 8 3 15 17 15 11 
10 6 15 2 7 13 5 8 19 12 2 19 11 13 14 6 5 4 2 8 
8 10 2 6 4 8 8 4 10 18 9 9 14 13 10 12 11 7 12 1 
4 8 16 2 17 10 16 1 4 12 14 14 14 5 3 8 13 5 13 1 
14 12 1 19 13 10 3 19 6 18 5 11 4 9 8 7 12 3 9 9 
6 0 12 7 17 1 2 4 0 9 0 6 7 12 3 10 15 9 3 10 
17 15 12 19 18 6 1 15 4 0 16 18 2 19 8 15 9 1 10 6 
17 15 14 10 19 13 6 9 11 15 10 16 15 19 9 10 9 19 12 17 
17 17 2 11 2 17 3 18 10 15 12 5 17 5 17 13 16 3 12 17 
18 13 18 6 7 1 12 7 3 2 3 12 19 10 8 1 0 13 12 0 
18 0 10 18 3 4 2 13 11 19 10 12 1 5 18 7 6 5 7 13 

53 53 
2 1 7 
2 16 3 
2 18 9 
2 16 3 
2 19 8 
2 16 2 
2 4 13 
2 0 9 
2 19 8 
2 6 14 
2 18 13 
2 17 6 
2 4 5 
2 17 6 
2 16 10 
2 0 7 
2 19 10 
2 18 7 
2 0 14 
2 5 13 
2 5 10 
2 2 5 
2 3 4 
2 1 2 
2 6 13 
2 2 11 
2 2 10 
2 17 8 
2 4 6 
2 0 13 
2 18 4 
2 16 12 
2 2 4 
2 6 9 
2 10 14 
2 5 15 
2 4 11 
2 8 12 
2 1 11 
2 18 10 
2 6 15 
2 2 12 
2 19 7 
2 2 14 
2 2 10 
2 1 14 
2 5 8 
2 16 6 
2 19 7 
2 19 6 
2 3 7 
2 17 11 
2 13 15 

2 19 11 
2 16 5 
2 17 2 
2 7 11 
2 3 12 
2 0 14 
2 8 13 
2 0 18 
2 8 11 
2 1 12 
2 9 12 
2 18 11 
2 19 12 
2 16 9 
2 17 13 
2 14 15 
2 6 9 
2 6 14 
2 0 11 
2 17 2 
2 4 10 
2 10 12 
2 2 13 
2 1 15 
2 16 18 
2 6 9 
2 19 13 
2 2 7 
2 8 14 
2 0 2 
2 16 1 
2 1 10 
2 13 15 
2 2 19 
2 0 15 
2 7 8 
2 3 9 
2 16 19 
2 5 9 
2 1 18 
2 17 12 
2 11 14 
2 0 12 
2 8 9 
2 4 9 
2 8 10 
2 8 10 
2 18 11 
2 17 3 
2 17 9 
2 6 8 
2 8 9 
2 0 5 
