20 true 30

19 0 13 14 0 15 14 6 17 0 1 19 16 2 17 5 9 16 15 3 
16 12 3 12 14 4 16 9 11 19 3 6 14 3 2 11 2 7 13 15 
3 3 0 9 18 10 8 19 18 1 6 13 8 16 15 0 14 13 17 12 
5 6 19 7 9 1 11 19 11 1 8 5 10 13 5 3 9 5 16 7 
0 17 9 8 6 8 9 6 15 5 9 19 17 0 10 16 19 19 9 17 
18 7 0 19 4 4 8 18 15 14 19 13 10 16 2 10 10 15 11 6 
11 1 8 6 5 1 0 8 15 14 0 12 11 13 12 17 11 18 12 8 
16 0 15 8 6 7 5 4 6 5 0 0 9 8 17 11 10 13 14 1 
1 1 12 15 7 18 7 15 1 12 11 3 17 15 5 6 3 17 5 12 
2 5 19 8 12 8 2 5 13 17 5 13 16 11 16 19 6 15 3 4 
9 12 7 1 14 17 10 7 10 16 9 14 7 6 12 5 13 10 6 7 
13 16 10 13 12 6 8 9 11 0 9 11 9 0 2 14 13 4 11 8 
7 5 18 13 17 6 4 8 16 5 18 13 5 18 3 0 11 11 12 17 
2 2 5 6 18 7 18 16 1 2 0 17 6 9 1 10 3 18 10 10 
14 14 6 12 18 12 17 0 4 8 14 2 10 15 18 3 0 0 6 1 
11 13 10 12 2 10 18 5 0 5 4 7 7 8 15 5 17 1 19 5 
13 0 2 2 8 8 16 18 19 5 5 13 8 3 12 15 2 0 0 4 
6 12 11 12 7 1 6 7 11 17 19 5 15 3 5 9 4 9 12 16 
9 13 6 10 8 19 8 3 14 19 17 13 11 1 8 13 2 4 10 5 
5 12 9 0 19 11 19 6 9 17 19 18 15 0 11 8 5 14 12 17 

57 57 
2 19 7 
2 16 14 
2 3 15 
2 19 12 
2 19 9 
2 17 19 
2 10 13 
2 18 11 
2 0 18 
2 5 10 
2 12 14 
2 4 12 
2 17 12 
2 8 15 
2 19 15 
2 17 12 
2 19 6 
2 7 14 
2 2 9 
2 0 12 
2 5 8 
2 0 17 
2 5 15 
2 10 13 
2 0 18 
2 18 8 
2 11 14 
2 3 8 
2 0 18 
2 18 10 
2 18 6 
2 5 12 
2 3 11 
2 1 2 
2 16 19 
2 17 5 
2 0 4 
2 1 14 
2 9 12 
2 6 9 
2 12 15 
2 4 5 
2 18 13 
2 4 8 
2 7 9 
2 2 19 
2 1 13 
2 12 13 
2 4 12 
2 3 13 
2 0 15 
2 17 7 
2 5 11 
2 0 19 
2 0 5 
2 0 6 
2 19 9 

2 9 10 
2 7 13 
2 6 13 
2 19 9 
2 8 14 
2 7 8 
2 18 5 
2 1 12 
2 1 18 
2 0 7 
2 4 15 
2 6 9 
2 18 6 
2 17 13 
2 19 11 
2 7 14 
2 3 4 
2 0 7 
2 19 3 
2 19 9 
2 3 4 
2 1 6 
2 1 13 
2 4 6 
2 0 7 
2 2 11 
2 19 5 
2 1 2 
2 0 6 
2 17 8 
2 9 13 
2 7 14 
2 16 9 
2 19 7 
2 18 10 
2 5 12 
2 1 18 
2 18 15 
2 1 14 
2 11 15 
2 17 12 
2 7 8 
2 19 11 
2 2 3 
2 0 3 
2 2 13 
2 3 6 
2 1 3 
2 1 19 
2 4 11 
2 16 2 
2 19 15 
2 3 8 
2 19 14 
2 18 3 
2 18 9 
2 17 4 
