20 true 30

4 10 11 8 16 4 17 1 19 3 7 14 7 12 13 4 6 8 1 7 
10 16 12 10 14 5 8 2 9 10 11 13 5 13 0 0 11 12 15 3 
6 17 1 8 5 9 0 9 1 7 11 3 13 0 0 16 3 15 13 4 
2 4 14 19 19 6 19 8 2 7 0 13 19 0 5 12 15 10 8 10 
0 9 1 5 16 7 15 2 11 8 8 15 19 16 18 11 3 10 12 12 
10 1 6 8 7 19 13 8 3 9 5 15 3 12 15 15 18 1 5 9 
4 11 18 2 0 16 15 0 19 8 18 15 1 12 2 9 0 18 14 15 
17 12 16 1 13 13 8 11 19 17 16 18 7 14 4 2 10 12 11 9 
17 18 4 2 3 12 10 9 12 19 4 8 3 16 4 1 0 1 3 1 
14 11 17 5 19 12 15 2 12 11 8 14 13 4 2 18 8 16 5 6 
0 0 13 6 12 7 17 4 0 12 17 9 1 14 12 11 10 7 11 7 
2 12 13 16 8 3 3 2 4 6 9 15 2 4 19 15 10 9 19 8 
1 11 14 10 18 8 12 16 17 2 7 9 11 17 8 18 13 12 11 8 
0 3 6 9 17 18 17 3 16 0 12 2 2 2 4 19 16 16 10 19 
13 14 10 12 5 16 15 19 13 12 6 0 18 17 7 3 14 3 14 12 
7 2 6 6 10 6 2 18 7 14 15 11 19 2 0 12 12 6 1 13 
7 9 9 14 12 18 16 0 15 6 1 2 17 17 11 17 5 1 6 6 
8 4 8 15 5 7 19 0 6 18 5 6 3 4 14 16 17 11 3 19 
10 11 3 11 5 6 7 11 16 18 19 16 13 9 4 2 8 9 3 6 
8 7 19 17 4 17 12 14 11 7 14 13 18 4 18 12 16 1 10 19 

57 57 
2 5 10 
2 2 14 
2 5 15 
2 17 7 
2 0 15 
2 0 14 
2 10 14 
2 7 8 
2 0 11 
2 3 14 
2 19 7 
2 2 7 
2 17 14 
2 19 10 
2 5 10 
2 17 10 
2 13 14 
2 16 1 
2 19 6 
2 9 14 
2 18 5 
2 9 14 
2 4 10 
2 16 17 
2 8 13 
2 4 10 
2 19 9 
2 5 7 
2 7 12 
2 7 10 
2 0 18 
2 16 19 
2 16 8 
2 17 3 
2 18 7 
2 18 8 
2 11 12 
2 3 8 
2 11 12 
2 3 11 
2 18 15 
2 0 2 
2 18 8 
2 16 6 
2 1 17 
2 18 4 
2 1 12 
2 18 6 
2 1 14 
2 5 8 
2 14 15 
2 3 10 
2 8 11 
2 7 9 
2 4 11 
2 17 8 
2 19 4 

2 19 7 
2 3 10 
2 2 6 
2 1 12 
2 7 12 
2 17 12 
2 7 8 
2 4 6 
2 0 4 
2 3 14 
2 1 10 
2 9 14 
2 9 15 
2 1 12 
2 18 10 
2 1 10 
2 1 19 
2 16 3 
2 0 13 
2 2 5 
2 6 14 
2 7 11 
2 2 10 
2 0 12 
2 1 11 
2 16 10 
2 5 15 
2 17 13 
2 18 2 
2 6 7 
2 4 6 
2 19 13 
2 1 15 
2 4 8 
2 10 11 
2 18 6 
2 3 10 
2 7 11 
2 16 6 
2 6 9 
2 4 6 
2 5 6 
2 4 15 
2 18 10 
2 18 9 
2 16 5 
2 1 17 
2 10 12 
2 3 9 
2 17 5 
2 19 3 
2 18 9 
2 6 10 
2 5 8 
2 18 12 
2 6 13 
2 11 13 
