20 true 29

4 1 1 1 0 11 8 10 12 19 0 6 2 15 15 13 11 16 13 4 
6 1 1 1 13 16 13 4 1 0 6 16 9 5 2 11 0 10 1 15 
9 16 3 14 1 5 9 17 7 19 0 8 9 2 19 6 6 14 0 0 
15 9 4 7 3 0 13 3 19 5 6 9 6 8 9 0 18 11 0 16 
16 12 7 10 7 16 5 7 9 9 14 7 3 8 16 4 2 11 18 11 
5 15 6 7 15 1 4 11 14 5 5 3 14 15 11 0 2 19 4 0 
6 7 15 19 19 17 11 9 6 1 11 8 19 15 6 19 2 10 0 15 
0 8 14 12 18 16 17 3 11 15 11 8 9 2 10 2 9 3 16 16 
1 1 17 19 18 19 15 4 3 12 12 11 14 2 15 9 0 10 2 5 
8 4 17 2 19 16 10 4 3 12 9 10 8 17 10 13 11 7 0 19 
11 18 2 16 11 0 19 19 9 16 11 7 10 15 4 8 9 15 3 19 
0 11 5 14 2 12 12 1 16 18 2 16 4 15 13 11 14 7 10 11 
18 19 12 6 2 17 6 18 9 11 2 4 19 2 4 7 9 13 3 13 
18 19 1 16 7 15 5 16 15 11 17 16 0 4 12 1 16 11 11 0 
3 4 2 10 11 18 10 10 14 9 4 14 4 2 2 17 12 17 6 17 
5 15 18 8 14 10 14 10 4 11 16 7 7 11 4 0 11 9 1 15 
18 5 10 5 1 12 9 6 10 3 9 3 12 4 5 15 10 1 14 15 
16 8 1 2 8 16 19 17 12 8 15 3 18 5 0 2 18 2 2 17 
0 12 19 15 10 13 7 13 6 9 17 8 0 2 4 13 11 3 19 5 
6 13 19 2 10 4 3 0 7 8 2 14 13 4 5 16 13 7 19 2 

55 55 
2 16 17 
2 3 5 
2 17 11 
2 5 8 
2 18 19 
2 9 11 
2 6 13 
2 4 8 
2 3 10 
2 17 6 
2 3 4 
2 1 12 
2 1 5 
2 19 5 
2 1 12 
2 1 9 
2 10 12 
2 5 11 
2 4 13 
2 5 8 
2 16 11 
2 4 5 
2 10 14 
2 0 13 
2 9 14 
2 9 11 
2 5 9 
2 6 10 
2 17 19 
2 8 13 
2 3 7 
2 16 10 
2 9 10 
2 17 10 
2 10 14 
2 12 14 
2 19 11 
2 0 17 
2 0 17 
2 6 7 
2 3 5 
2 4 11 
2 3 4 
2 18 2 
2 1 7 
2 0 11 
2 0 12 
2 16 5 
2 10 12 
2 16 7 
2 4 8 
2 1 7 
2 5 10 
2 1 9 
2 19 6 

2 2 9 
2 16 18 
2 1 5 
2 9 12 
2 0 9 
2 4 10 
2 16 11 
2 16 1 
2 0 15 
2 8 11 
2 9 15 
2 5 10 
2 1 7 
2 18 11 
2 16 1 
2 10 15 
2 3 11 
2 3 6 
2 3 14 
2 0 18 
2 6 14 
2 8 13 
2 1 3 
2 7 13 
2 5 11 
2 18 9 
2 8 12 
2 0 6 
2 10 15 
2 3 6 
2 16 8 
2 1 15 
2 16 9 
2 4 10 
2 3 15 
2 16 7 
2 16 4 
2 16 3 
2 1 7 
2 0 12 
2 2 12 
2 8 12 
2 7 12 
2 0 8 
2 5 14 
2 16 6 
2 1 12 
2 6 11 
2 19 11 
2 6 8 
2 19 10 
2 9 10 
2 0 10 
2 12 14 
2 19 15 
