20 true 30

9 19 10 14 16 4 19 4 1 1 5 15 1 9 11 18 17 9 2 0 
18 13 5 11 13 19 17 6 9 4 11 17 13 1 4 3 0 3 19 9 
17 2 3 9 7 13 10 11 12 4 7 6 16 11 16 11 18 11 10 1 
9 16 5 0 12 14 15 14 18 13 1 9 10 10 13 4 2 0 3 4 
15 1 16 3 3 11 11 3 12 7 11 12 15 5 8 14 4 15 10 7 
8 11 3 13 8 4 13 19 4 0 10 6 4 18 0 10 10 2 13 8 
15 15 7 16 13 6 5 1 18 0 8 15 1 18 18 11 7 11 7 0 
17 13 14 0 5 10 16 19 3 14 2 11 12 17 1 16 1 8 0 1 
17 1 11 9 8 4 12 3 19 6 2 8 10 7 8 13 0 5 17 17 
1 9 16 19 15 3 14 14 15 15 7 18 0 15 18 3 14 1 17 4 
13 15 17 5 1 4 8 3 4 17 15 1 2 14 11 8 9 1 18 6 
19 7 17 16 6 9 3 13 16 3 13 6 18 7 4 7 3 16 8 15 
0 2 17 4 7 11 7 11 14 14 10 19 2 17 1 15 3 18 1 8 
3 12 10 8 5 19 2 7 19 10 12 18 4 19 19 12 7 0 6 0 
6 1 0 10 10 13 0 10 7 9 5 17 6 3 9 15 0 2 5 4 
3 15 0 5 5 10 18 16 18 11 2 18 9 6 2 16 12 16 11 6 
15 16 18 16 11 3 2 0 17 15 3 15 7 14 7 3 6 11 13 2 
8 15 14 6 17 8 10 6 19 15 4 11 9 19 1 1 7 9 2 18 
18 19 2 14 9 3 2 8 16 15 3 6 17 15 14 12 5 9 10 16 
6 15 8 10 0 13 18 7 14 7 9 6 4 14 1 18 7 19 15 3 

57 57 
2 9 11 
2 16 14 
2 3 6 
2 7 8 
2 14 15 
2 0 6 
2 18 13 
2 11 14 
2 5 9 
2 9 13 
2 1 13 
2 17 19 
2 5 12 
2 7 13 
2 0 1 
2 6 8 
2 10 12 
2 2 9 
2 6 13 
2 1 8 
2 17 12 
2 3 9 
2 16 13 
2 17 4 
2 3 6 
2 8 15 
2 16 13 
2 9 11 
2 10 14 
2 4 14 
2 18 13 
2 2 15 
2 0 11 
2 0 4 
2 1 17 
2 17 5 
2 3 6 
2 4 10 
2 18 2 
2 3 6 
2 19 15 
2 13 14 
2 7 11 
2 5 9 
2 1 4 
2 10 13 
2 10 14 
2 3 5 
2 1 14 
2 16 14 
2 5 14 
2 16 2 
2 18 19 
2 7 8 
2 1 13 
2 3 12 
2 2 15 

2 9 12 
2 11 12 
2 17 12 
2 3 5 
2 1 10 
2 1 11 
2 9 14 
2 16 5 
2 19 9 
2 19 15 
2 9 15 
2 19 8 
2 18 7 
2 2 15 
2 8 10 
2 2 15 
2 2 14 
2 10 15 
2 2 7 
2 7 13 
2 17 13 
2 17 6 
2 1 19 
2 0 15 
2 7 13 
2 16 13 
2 19 6 
2 11 15 
2 4 7 
2 2 11 
2 5 8 
2 19 4 
2 7 10 
2 0 5 
2 2 13 
2 7 13 
2 14 15 
2 11 14 
2 16 19 
2 0 17 
2 17 6 
2 6 14 
2 11 13 
2 17 8 
2 4 11 
2 6 10 
2 17 18 
2 1 14 
2 16 13 
2 19 14 
2 2 14 
2 4 11 
2 17 7 
2 17 6 
2 4 5 
2 3 12 
2 3 7 
