20 true 29

14 3 5 0 17 12 19 6 13 3 12 18 11 6 9 14 13 9 5 18 
4 8 13 17 4 10 0 7 18 5 4 6 19 9 12 5 19 11 2 10 
9 7 3 2 1 3 0 1 17 4 7 13 8 10 4 6 19 9 1 6 
5 4 17 16 17 18 1 9 19 14 6 18 15 2 2 2 14 4 9 4 
15 17 9 0 0 10 19 2 4 5 14 16 5 19 18 16 13 3 18 7 
6 4 0 0 4 6 12 4 14 18 4 19 19 1 13 11 16 12 19 2 
19 2 7 12 18 15 1 1 3 10 4 18 14 11 11 5 5 11 9 13 
9 0 1 14 5 6 11 1 0 1 0 10 6 17 18 3 14 8 8 0 
0 10 3 4 5 18 11 4 7 17 17 18 2 18 6 12 10 18 15 1 
16 13 19 16 7 4 7 8 17 17 1 5 19 5 16 8 1 0 0 10 
13 0 16 10 18 13 0 5 11 14 2 14 15 10 13 15 8 19 8 0 
9 18 7 17 5 8 2 12 7 0 18 10 9 13 13 13 7 10 4 8 
4 13 0 0 3 18 16 18 1 19 12 10 16 2 17 3 8 9 16 15 
9 18 8 1 3 7 0 5 6 16 15 8 17 10 2 11 3 11 10 15 
9 1 1 7 2 0 19 4 3 5 10 3 6 7 4 14 12 12 13 7 
0 0 9 10 17 17 5 11 18 0 3 3 6 0 7 19 7 4 1 8 
8 17 1 2 11 2 15 11 7 6 6 5 14 1 6 1 10 7 7 0 
19 16 4 12 16 13 4 10 16 16 18 7 5 1 4 18 7 16 12 11 
14 2 19 11 13 12 8 15 14 10 17 19 18 10 17 18 2 13 12 11 
1 8 3 19 4 7 10 11 9 5 14 16 0 9 1 0 5 19 15 10 

55 55 
2 3 11 
2 7 14 
2 9 15 
2 13 14 
2 7 11 
2 16 0 
2 0 3 
2 1 6 
2 2 12 
2 7 15 
2 13 14 
2 16 14 
2 18 15 
2 18 5 
2 16 12 
2 1 15 
2 9 12 
2 4 6 
2 16 1 
2 1 13 
2 16 15 
2 3 11 
2 5 8 
2 17 13 
2 18 14 
2 4 15 
2 8 12 
2 1 14 
2 1 12 
2 0 17 
2 16 3 
2 0 12 
2 2 12 
2 5 12 
2 18 13 
2 0 7 
2 17 11 
2 4 9 
2 17 9 
2 2 5 
2 5 6 
2 6 14 
2 2 15 
2 1 8 
2 3 12 
2 1 13 
2 9 12 
2 12 13 
2 8 12 
2 19 10 
2 10 14 
2 4 12 
2 16 6 
2 0 19 
2 2 8 

2 5 7 
2 17 15 
2 17 8 
2 3 13 
2 16 17 
2 18 4 
2 17 9 
2 18 7 
2 2 19 
2 11 14 
2 17 15 
2 8 12 
2 0 7 
2 7 13 
2 4 11 
2 10 12 
2 0 11 
2 16 14 
2 3 14 
2 2 6 
2 7 10 
2 16 3 
2 3 9 
2 1 5 
2 9 14 
2 2 11 
2 17 6 
2 18 6 
2 6 11 
2 6 15 
2 16 9 
2 17 2 
2 0 13 
2 3 12 
2 18 3 
2 5 9 
2 19 4 
2 10 13 
2 18 6 
2 1 4 
2 17 11 
2 5 6 
2 18 12 
2 17 11 
2 3 13 
2 16 9 
2 1 9 
2 5 10 
2 5 15 
2 0 9 
2 16 3 
2 16 9 
2 16 8 
2 1 2 
2 17 8 
