20 true 27

10 1 15 18 4 5 12 2 18 2 2 18 13 19 19 3 6 2 16 12 
9 13 8 9 2 15 11 10 5 4 5 2 15 10 12 2 14 7 18 5 
8 17 15 17 13 10 4 10 1 10 5 13 13 13 13 17 17 5 9 8 
16 15 13 19 9 14 13 7 16 15 18 8 4 5 15 4 0 14 18 6 
12 5 1 1 9 17 9 6 2 2 5 18 6 3 4 19 14 11 9 16 
5 3 7 3 3 9 11 19 14 17 15 1 14 12 10 10 0 16 11 14 
10 3 4 9 1 19 2 11 12 17 15 3 8 8 4 14 13 11 19 7 
16 1 0 3 19 2 4 7 1 19 17 0 18 15 1 9 9 13 8 1 
16 15 17 12 7 4 7 15 4 6 16 5 3 13 18 1 17 0 1 11 
4 3 3 14 6 0 10 4 4 1 7 0 5 19 19 0 9 17 9 12 
4 10 17 6 11 1 13 18 10 7 19 10 9 12 6 3 5 13 3 9 
4 19 18 8 3 19 18 3 14 18 9 19 19 5 4 16 12 0 14 10 
2 16 18 10 10 19 6 10 12 8 4 8 15 4 0 16 0 16 16 2 
1 8 12 3 10 5 19 5 7 5 13 9 15 4 16 9 3 9 5 6 
0 10 12 7 15 12 8 10 13 19 14 19 14 18 15 0 19 2 6 7 
0 1 9 16 5 7 19 14 2 10 3 7 17 19 18 7 0 7 11 9 
3 5 17 10 5 14 4 3 6 12 19 8 3 4 19 4 1 14 19 19 
13 18 15 7 11 1 14 8 17 14 8 0 10 18 4 6 3 17 18 0 
14 10 3 3 1 18 4 1 12 4 1 18 8 0 16 1 6 17 5 7 
17 15 17 7 14 18 0 9 19 10 10 12 1 8 2 15 3 7 12 6 

51 51 
2 7 12 
2 3 9 
2 18 13 
2 17 9 
2 8 15 
2 1 18 
2 17 12 
2 3 12 
2 18 19 
2 17 12 
2 8 10 
2 17 19 
2 4 11 
2 17 10 
2 2 9 
2 1 7 
2 5 9 
2 17 5 
2 16 8 
2 17 14 
2 19 9 
2 18 15 
2 18 8 
2 14 15 
2 11 12 
2 1 5 
2 0 9 
2 4 13 
2 3 10 
2 4 5 
2 10 12 
2 18 15 
2 16 13 
2 7 14 
2 0 14 
2 0 9 
2 3 7 
2 1 10 
2 11 14 
2 1 10 
2 6 13 
2 17 11 
2 0 14 
2 0 7 
2 17 10 
2 11 13 
2 0 7 
2 8 10 
2 0 9 
2 3 8 
2 11 12 

2 10 11 
2 19 12 
2 17 12 
2 1 10 
2 16 15 
2 9 13 
2 9 12 
2 1 13 
2 11 15 
2 0 15 
2 19 13 
2 9 15 
2 16 15 
2 2 15 
2 9 13 
2 18 12 
2 0 10 
2 5 8 
2 2 15 
2 4 10 
2 2 15 
2 2 15 
2 0 6 
2 18 19 
2 16 19 
2 5 14 
2 8 10 
2 7 12 
2 17 9 
2 3 4 
2 7 10 
2 3 7 
2 4 5 
2 9 12 
2 4 12 
2 5 10 
2 10 11 
2 4 9 
2 7 12 
2 2 7 
2 19 14 
2 18 13 
2 2 12 
2 3 15 
2 16 7 
2 2 19 
2 5 15 
2 4 10 
2 18 10 
2 3 14 
2 19 14 
