20 true 29

13 18 2 0 10 14 8 18 8 18 3 14 9 11 2 4 5 11 3 3 
17 15 5 18 14 13 15 13 12 19 9 3 11 9 10 13 15 10 7 9 
13 4 7 10 15 12 10 8 2 9 16 9 14 17 1 14 14 14 8 19 
0 18 12 6 4 15 6 9 16 13 2 16 19 19 10 10 18 18 5 16 
12 14 0 0 0 2 19 5 4 19 19 15 5 4 8 12 15 9 19 8 
3 13 17 7 16 8 3 3 8 4 18 1 16 6 14 3 14 13 18 5 
14 18 19 7 2 10 16 6 10 4 2 5 16 9 1 17 14 10 12 2 
15 9 0 11 15 12 13 6 9 10 8 9 10 10 14 13 2 4 2 2 
3 11 6 17 0 13 12 19 11 2 0 8 19 3 19 16 16 13 3 19 
17 8 13 17 2 15 4 14 0 13 12 5 4 8 8 13 4 17 19 14 
1 14 6 4 17 8 18 11 17 10 10 18 1 2 7 18 6 12 3 8 
16 6 18 2 17 8 6 15 15 2 15 1 9 0 3 18 0 19 3 18 
14 15 10 10 19 2 10 10 12 7 2 9 15 17 8 18 6 18 12 3 
3 19 13 12 6 7 2 4 14 16 5 5 13 5 12 14 4 12 14 15 
8 11 17 10 15 14 16 15 17 9 9 11 14 4 2 5 13 16 15 5 
16 7 11 10 12 5 15 7 2 1 6 16 14 4 10 2 10 7 0 3 
1 11 0 5 0 1 6 18 9 9 17 9 17 7 2 12 11 1 9 10 
6 9 14 10 4 4 9 13 9 6 19 1 8 11 18 12 2 12 4 14 
16 7 6 5 12 18 9 17 11 6 17 0 14 7 13 8 16 14 13 18 
10 2 2 18 19 10 11 14 9 18 2 18 12 19 19 0 15 17 0 14 

55 55 
2 0 15 
2 17 18 
2 10 12 
2 18 2 
2 2 7 
2 2 19 
2 16 10 
2 7 11 
2 17 10 
2 12 15 
2 9 15 
2 6 15 
2 17 4 
2 16 7 
2 0 5 
2 16 2 
2 0 6 
2 8 12 
2 17 8 
2 9 12 
2 17 2 
2 17 13 
2 0 5 
2 7 8 
2 1 14 
2 19 6 
2 16 0 
2 19 13 
2 1 7 
2 2 11 
2 3 5 
2 16 10 
2 0 2 
2 10 14 
2 3 12 
2 16 3 
2 19 8 
2 2 3 
2 19 8 
2 5 10 
2 1 7 
2 0 7 
2 10 13 
2 3 11 
2 13 15 
2 16 18 
2 17 14 
2 7 9 
2 16 8 
2 13 15 
2 1 3 
2 4 7 
2 17 4 
2 6 8 
2 16 8 

2 16 14 
2 18 6 
2 5 9 
2 18 14 
2 4 7 
2 12 15 
2 3 10 
2 17 12 
2 1 18 
2 9 12 
2 16 13 
2 0 1 
2 19 12 
2 9 14 
2 12 13 
2 18 7 
2 9 14 
2 16 11 
2 16 17 
2 1 2 
2 17 12 
2 18 15 
2 2 10 
2 0 17 
2 1 4 
2 0 7 
2 19 4 
2 10 15 
2 6 9 
2 3 9 
2 3 6 
2 5 14 
2 16 9 
2 0 1 
2 9 12 
2 0 12 
2 9 11 
2 0 18 
2 8 15 
2 18 11 
2 3 13 
2 10 15 
2 16 17 
2 17 3 
2 4 6 
2 1 4 
2 4 15 
2 7 11 
2 11 12 
2 7 12 
2 2 7 
2 2 4 
2 16 2 
2 18 10 
2 2 13 
