20 true 28

17 8 3 17 18 11 15 6 10 0 17 11 1 16 14 3 17 11 1 3 
11 6 14 8 13 17 9 0 17 2 7 8 18 17 0 2 11 11 15 16 
7 7 13 10 5 9 9 8 0 5 0 5 19 8 17 19 1 6 16 5 
12 8 19 3 18 19 5 8 6 6 6 10 17 12 14 18 8 4 14 3 
16 5 13 11 16 12 7 15 0 18 17 7 2 1 5 15 4 12 16 17 
0 10 2 6 6 7 2 17 4 5 15 13 2 3 4 8 6 0 5 9 
8 2 8 17 11 8 8 19 15 12 12 6 15 7 2 14 13 7 2 1 
3 12 19 16 5 10 11 18 0 5 11 7 3 6 3 11 9 1 0 9 
13 0 2 12 18 4 6 4 3 15 12 13 2 8 8 17 18 0 16 9 
13 8 19 5 1 10 6 11 4 8 11 0 5 8 15 9 7 14 15 6 
18 15 11 2 0 12 10 7 8 16 9 14 11 12 6 14 8 15 12 12 
3 7 8 1 3 15 9 6 2 17 16 19 1 11 15 3 0 3 7 1 
1 9 4 18 9 17 8 3 9 4 17 4 10 2 19 2 17 7 6 5 
15 14 18 8 8 7 2 12 7 12 3 14 19 5 12 8 13 9 3 18 
5 18 12 17 6 16 3 7 14 15 15 16 12 8 4 13 11 15 9 5 
9 16 1 7 2 6 13 10 8 18 15 3 14 6 7 10 2 10 15 8 
9 5 5 12 6 17 2 10 2 4 10 16 4 0 4 19 3 3 4 11 
10 18 8 15 2 3 5 3 8 3 1 8 11 6 18 18 0 18 3 3 
13 11 12 8 11 15 15 18 9 1 19 0 5 16 13 0 15 15 12 14 
17 7 15 4 0 5 4 4 19 1 7 2 3 18 12 11 12 11 12 10 

53 53 
2 0 3 
2 16 18 
2 5 11 
2 5 7 
2 16 3 
2 5 11 
2 19 15 
2 4 7 
2 5 11 
2 1 17 
2 18 19 
2 8 10 
2 11 15 
2 4 12 
2 1 5 
2 5 12 
2 7 13 
2 18 13 
2 4 6 
2 4 7 
2 7 11 
2 0 9 
2 19 11 
2 19 8 
2 1 13 
2 8 13 
2 17 10 
2 1 10 
2 18 4 
2 4 13 
2 4 11 
2 13 14 
2 1 6 
2 9 15 
2 4 7 
2 5 11 
2 18 19 
2 0 14 
2 3 9 
2 8 14 
2 16 6 
2 17 15 
2 2 11 
2 7 14 
2 11 13 
2 7 9 
2 16 17 
2 2 8 
2 5 9 
2 10 12 
2 16 13 
2 2 7 
2 3 12 

2 16 18 
2 11 12 
2 11 14 
2 16 8 
2 18 5 
2 3 5 
2 17 10 
2 8 11 
2 8 15 
2 19 7 
2 3 4 
2 3 13 
2 18 2 
2 1 9 
2 8 10 
2 18 4 
2 18 12 
2 19 13 
2 3 15 
2 19 9 
2 1 6 
2 5 7 
2 16 5 
2 3 10 
2 12 13 
2 1 9 
2 0 1 
2 1 19 
2 3 14 
2 0 19 
2 17 1 
2 0 19 
2 16 0 
2 2 12 
2 1 19 
2 17 18 
2 3 8 
2 2 13 
2 3 11 
2 0 17 
2 13 15 
2 1 5 
2 9 11 
2 1 17 
2 6 15 
2 18 15 
2 3 10 
2 11 12 
2 1 9 
2 1 8 
2 3 8 
2 2 19 
2 3 4 
