20 true 28

8 7 15 7 8 15 11 4 11 5 12 10 6 19 13 16 18 13 1 11 
12 6 15 18 12 12 11 13 10 11 12 15 10 4 9 5 2 7 4 5 
16 16 8 19 0 9 11 1 9 6 19 19 7 12 16 1 17 10 15 12 
15 9 15 16 12 3 4 12 6 15 3 0 13 19 9 5 15 3 7 18 
4 6 3 11 7 4 2 0 14 7 10 2 4 18 18 9 3 1 17 2 
11 2 17 17 5 7 8 7 17 9 0 2 1 2 6 17 15 8 6 0 
11 9 0 15 6 4 9 13 15 6 15 16 11 8 6 9 5 1 4 11 
9 2 1 14 5 12 6 10 17 4 13 17 16 15 18 14 17 17 1 4 
14 15 16 1 3 0 15 6 17 11 13 10 5 19 17 17 18 15 5 18 
4 4 8 12 17 0 2 10 1 10 15 10 17 17 13 1 15 13 18 8 
12 5 7 11 13 7 12 6 17 19 8 2 16 1 11 0 13 2 18 17 
13 5 17 17 15 17 15 16 15 10 2 18 8 17 15 16 0 13 6 12 
6 11 2 7 17 5 13 1 8 15 0 14 1 7 12 3 10 3 6 16 
0 8 4 18 11 17 19 5 18 19 8 8 17 8 6 12 8 11 2 1 
0 0 15 17 17 15 4 5 13 8 3 17 8 1 9 10 14 2 8 9 
7 15 12 19 7 15 1 3 10 19 5 6 7 11 17 0 14 19 3 10 
19 19 19 2 10 5 5 9 4 19 5 11 4 1 4 1 9 12 18 15 
1 12 11 5 5 12 0 2 17 9 16 11 8 2 5 14 1 8 14 0 
8 4 10 0 19 15 12 18 5 16 12 2 8 15 4 13 14 17 3 3 
18 8 7 2 9 13 15 14 14 8 7 7 8 17 16 17 1 1 16 10 

53 53 
2 9 15 
2 8 14 
2 0 11 
2 17 11 
2 2 7 
2 7 14 
2 17 15 
2 13 15 
2 7 12 
2 5 7 
2 17 11 
2 12 13 
2 6 15 
2 6 12 
2 19 13 
2 4 10 
2 17 11 
2 0 1 
2 1 18 
2 7 12 
2 16 18 
2 13 14 
2 1 12 
2 17 19 
2 0 1 
2 5 10 
2 0 5 
2 18 11 
2 0 15 
2 19 13 
2 10 12 
2 16 17 
2 12 15 
2 10 13 
2 17 6 
2 19 3 
2 17 1 
2 6 7 
2 2 4 
2 9 15 
2 8 14 
2 3 12 
2 2 10 
2 7 14 
2 16 13 
2 3 6 
2 10 11 
2 0 19 
2 12 14 
2 16 12 
2 2 4 
2 10 15 
2 19 15 

2 16 2 
2 0 9 
2 6 13 
2 17 19 
2 0 18 
2 0 5 
2 10 12 
2 11 13 
2 2 15 
2 0 5 
2 4 11 
2 19 12 
2 18 15 
2 18 12 
2 17 11 
2 17 3 
2 19 3 
2 17 11 
2 16 2 
2 17 15 
2 3 5 
2 3 6 
2 0 19 
2 0 14 
2 12 15 
2 4 13 
2 19 4 
2 7 14 
2 19 9 
2 2 12 
2 16 3 
2 6 8 
2 19 5 
2 9 12 
2 16 4 
2 19 11 
2 7 11 
2 7 11 
2 1 11 
2 11 13 
2 4 15 
2 10 13 
2 7 14 
2 18 19 
2 8 14 
2 19 10 
2 0 7 
2 17 4 
2 1 12 
2 18 3 
2 18 4 
2 17 14 
2 6 11 
