20 true 28

19 8 14 12 1 11 16 9 17 10 1 7 18 19 10 12 18 10 0 6 
9 5 12 13 9 11 3 15 8 6 15 0 13 1 13 19 3 12 7 1 
11 13 6 9 2 10 6 6 19 13 13 16 4 11 15 6 5 10 13 14 
9 17 4 6 11 6 12 7 0 4 6 16 14 16 18 15 2 8 11 10 
10 14 2 4 2 2 17 12 14 14 7 11 14 3 9 5 7 9 0 14 
14 14 16 12 16 19 4 17 9 6 13 19 10 14 10 9 3 11 3 12 
4 0 4 7 11 15 13 9 11 3 9 9 17 15 15 7 12 3 1 6 
6 11 8 1 6 18 3 9 0 2 1 18 1 11 14 13 15 7 18 10 
12 5 19 5 16 7 5 8 12 4 4 13 0 3 10 14 4 10 1 16 
10 15 18 19 11 11 14 12 5 13 14 0 5 17 8 10 10 3 16 5 
19 5 11 9 8 6 12 6 16 7 12 0 6 7 18 15 18 7 8 12 
16 15 2 9 3 17 13 0 6 4 9 7 3 1 9 17 6 5 12 16 
15 5 0 16 12 3 9 17 6 1 7 12 2 7 7 15 16 12 12 18 
10 19 1 14 7 7 3 3 2 18 1 7 6 8 5 11 17 13 19 18 
15 13 13 12 13 5 6 13 15 2 2 5 17 15 14 11 16 9 2 3 
9 13 1 0 0 17 13 15 5 11 15 10 13 14 18 9 17 1 17 2 
5 19 9 18 5 2 17 7 12 11 9 17 8 8 4 4 13 17 8 19 
7 2 10 18 7 0 1 3 8 7 2 11 19 5 13 16 2 3 11 19 
14 4 16 5 10 19 6 10 11 10 11 8 14 8 12 6 5 11 18 14 
7 12 19 6 13 17 9 19 3 13 8 11 18 11 18 12 6 0 11 10 

53 53 
2 18 8 
2 9 13 
2 8 13 
2 18 14 
2 1 8 
2 7 15 
2 11 15 
2 16 2 
2 1 5 
2 3 7 
2 10 13 
2 13 15 
2 0 10 
2 3 12 
2 0 3 
2 2 4 
2 1 15 
2 7 13 
2 18 7 
2 18 15 
2 1 13 
2 17 19 
2 2 9 
2 5 9 
2 4 9 
2 6 8 
2 9 11 
2 18 13 
2 12 13 
2 3 5 
2 0 6 
2 19 15 
2 17 11 
2 1 7 
2 3 13 
2 16 2 
2 6 9 
2 17 5 
2 9 12 
2 16 19 
2 2 3 
2 17 8 
2 4 6 
2 2 19 
2 4 11 
2 18 4 
2 7 11 
2 18 12 
2 16 13 
2 19 13 
2 5 7 
2 16 2 
2 10 13 

2 0 16 
2 16 2 
2 5 7 
2 17 18 
2 16 3 
2 16 1 
2 12 13 
2 16 7 
2 19 3 
2 4 6 
2 3 5 
2 1 19 
2 3 12 
2 16 14 
2 4 13 
2 5 6 
2 19 10 
2 0 16 
2 4 15 
2 2 19 
2 9 10 
2 5 6 
2 16 3 
2 11 15 
2 7 14 
2 0 11 
2 4 7 
2 8 11 
2 4 10 
2 8 9 
2 2 15 
2 11 15 
2 4 6 
2 1 11 
2 1 14 
2 17 15 
2 17 3 
2 6 15 
2 3 14 
2 17 19 
2 1 6 
2 3 11 
2 2 6 
2 17 14 
2 0 6 
2 17 3 
2 17 5 
2 5 6 
2 5 15 
2 18 8 
2 16 8 
2 9 15 
2 17 12 
