20 true 28

12 13 12 15 6 10 11 14 9 11 17 9 7 0 2 7 11 1 1 12 
5 4 8 1 18 0 17 5 5 13 14 3 15 17 7 4 8 9 3 17 
7 4 4 13 14 12 3 9 4 17 1 4 19 4 6 0 4 4 6 12 
10 10 8 18 3 12 16 19 9 7 13 19 3 3 8 19 11 13 8 8 
8 6 5 5 16 15 2 11 3 14 1 5 3 1 19 4 3 14 3 10 
16 1 9 1 6 16 1 17 15 8 3 11 3 15 2 19 4 12 16 12 
5 5 7 13 3 0 1 14 11 10 13 0 17 9 19 11 4 2 9 1 
13 13 15 15 9 3 9 4 19 6 9 9 9 4 18 5 7 19 17 16 
12 7 19 1 16 19 5 7 6 16 2 12 0 12 8 19 7 18 1 10 
14 8 9 9 14 16 6 12 18 2 19 5 5 11 17 13 4 6 16 12 
10 10 15 6 6 3 14 19 13 16 8 17 4 14 11 16 16 3 6 19 
0 19 4 10 15 4 13 19 8 19 13 17 3 12 4 15 4 17 10 19 
4 6 0 0 4 0 11 9 13 15 16 7 13 7 14 17 12 1 14 4 
3 14 3 18 17 13 1 19 18 4 16 14 7 16 1 10 11 17 16 15 
5 9 8 12 16 4 1 11 15 15 18 13 1 14 5 18 6 14 17 15 
4 7 11 9 6 15 17 18 12 11 5 12 18 19 6 0 9 0 12 13 
7 6 7 4 2 7 0 10 7 12 1 16 8 12 13 15 3 4 11 7 
0 9 13 7 17 7 9 11 16 11 13 5 14 17 6 8 1 6 12 13 
7 16 8 11 11 12 11 15 1 12 15 3 3 0 5 5 11 0 18 16 
7 19 14 15 3 3 8 9 12 3 9 7 4 12 0 4 19 11 2 7 

53 53 
2 2 18 
2 7 13 
2 7 14 
2 10 14 
2 3 7 
2 7 15 
2 0 6 
2 1 10 
2 18 7 
2 18 7 
2 3 8 
2 6 8 
2 1 12 
2 18 8 
2 1 6 
2 3 5 
2 17 6 
2 4 14 
2 4 6 
2 2 10 
2 0 14 
2 1 14 
2 2 19 
2 4 7 
2 18 14 
2 13 14 
2 2 9 
2 2 10 
2 17 10 
2 3 9 
2 16 9 
2 10 11 
2 0 14 
2 19 13 
2 10 15 
2 7 8 
2 13 14 
2 9 15 
2 1 8 
2 0 17 
2 1 10 
2 19 7 
2 1 12 
2 17 8 
2 18 6 
2 3 10 
2 17 9 
2 0 3 
2 18 13 
2 4 14 
2 18 12 
2 1 11 
2 19 6 

2 6 15 
2 19 8 
2 18 2 
2 1 13 
2 7 14 
2 4 12 
2 19 5 
2 6 10 
2 3 10 
2 18 14 
2 19 14 
2 5 15 
2 2 4 
2 5 12 
2 0 18 
2 5 6 
2 7 13 
2 6 10 
2 0 15 
2 7 11 
2 5 8 
2 2 8 
2 3 11 
2 0 10 
2 13 14 
2 18 14 
2 1 12 
2 18 5 
2 19 14 
2 3 4 
2 3 11 
2 1 13 
2 0 12 
2 10 12 
2 16 19 
2 6 8 
2 18 13 
2 0 8 
2 12 14 
2 1 5 
2 17 18 
2 4 15 
2 0 15 
2 9 12 
2 1 12 
2 17 7 
2 7 15 
2 5 13 
2 0 1 
2 3 14 
2 1 10 
2 16 8 
2 10 11 
