20 true 26

12 5 19 7 3 8 7 3 10 7 10 15 4 4 0 0 9 0 1 8 
6 15 12 5 10 3 9 3 3 0 15 6 2 7 13 19 8 15 18 11 
14 7 6 10 12 5 13 10 13 11 1 1 12 0 17 9 7 12 3 16 
13 10 9 14 10 10 17 17 13 12 3 9 1 7 13 2 7 14 4 15 
13 7 2 6 8 16 15 11 11 6 10 16 8 11 4 1 13 0 2 6 
11 5 14 14 10 0 3 10 6 3 10 12 4 2 13 1 12 11 10 6 
6 17 12 13 15 3 16 15 19 5 8 15 5 1 13 16 7 8 19 14 
13 7 13 11 4 2 13 17 9 13 10 14 4 1 3 16 3 13 10 2 
17 1 14 15 7 16 5 6 6 17 14 7 14 11 4 18 0 13 7 19 
1 9 4 1 15 9 3 17 6 2 7 8 2 19 16 4 9 1 2 19 
7 12 7 16 15 18 15 0 14 0 10 6 10 12 0 14 14 13 5 1 
15 5 4 4 8 3 17 15 11 10 19 2 11 12 14 2 9 5 17 9 
18 5 12 12 15 13 13 11 0 9 16 11 11 1 7 7 5 7 7 14 
16 16 7 1 2 11 8 5 9 11 12 13 5 6 6 18 5 6 13 7 
10 19 15 18 14 12 19 15 8 13 15 5 6 12 11 0 17 12 14 14 
11 18 4 14 2 9 15 6 5 10 11 10 0 12 2 6 3 5 15 16 
4 1 19 19 0 3 5 11 16 2 7 12 1 13 14 15 3 6 15 5 
8 2 17 9 17 17 6 17 15 16 2 6 17 10 10 1 3 10 18 0 
4 15 8 15 1 9 15 5 17 13 16 5 13 17 1 16 1 9 17 5 
14 16 3 12 19 15 8 19 16 15 12 19 3 10 14 8 7 0 2 15 

49 49 
2 0 4 
2 4 13 
2 1 4 
2 19 15 
2 16 6 
2 16 0 
2 6 10 
2 19 7 
2 0 4 
2 4 9 
2 4 10 
2 0 5 
2 5 15 
2 19 4 
2 0 15 
2 9 10 
2 6 10 
2 2 4 
2 7 10 
2 1 7 
2 0 15 
2 11 12 
2 16 4 
2 6 13 
2 2 7 
2 4 6 
2 16 1 
2 19 15 
2 2 7 
2 1 18 
2 11 15 
2 16 17 
2 2 7 
2 19 14 
2 17 15 
2 11 13 
2 2 13 
2 1 13 
2 17 4 
2 12 14 
2 4 14 
2 2 8 
2 9 14 
2 12 14 
2 8 14 
2 4 9 
2 3 11 
2 0 9 
2 2 10 

2 4 13 
2 0 15 
2 18 6 
2 11 13 
2 2 5 
2 10 13 
2 19 4 
2 18 13 
2 1 6 
2 17 15 
2 16 10 
2 2 19 
2 6 7 
2 10 11 
2 2 10 
2 17 19 
2 10 12 
2 16 3 
2 1 10 
2 6 12 
2 10 14 
2 4 14 
2 19 4 
2 0 10 
2 17 18 
2 4 9 
2 17 8 
2 2 10 
2 12 14 
2 8 15 
2 18 11 
2 6 15 
2 17 4 
2 5 8 
2 11 15 
2 6 13 
2 12 14 
2 18 4 
2 16 9 
2 1 5 
2 4 15 
2 12 14 
2 4 5 
2 4 9 
2 4 14 
2 4 13 
2 0 15 
2 18 6 
2 2 4 
