20 true 30

13 1 15 19 16 19 4 2 9 1 10 17 17 2 19 6 18 16 18 9 
10 19 5 4 13 3 2 19 16 5 14 16 2 13 19 7 10 0 11 11 
18 11 5 3 11 2 0 11 15 4 16 8 8 9 1 7 19 13 18 13 
13 6 0 0 12 2 8 2 16 17 12 13 1 10 10 6 8 15 3 12 
9 13 5 3 17 11 13 0 2 5 7 15 10 14 4 3 14 19 13 15 
2 11 0 15 14 19 19 17 7 14 15 5 10 3 15 9 11 14 12 0 
3 8 9 2 2 14 18 6 6 10 4 5 2 16 19 14 3 0 3 12 
18 11 12 2 12 12 1 6 2 0 6 3 6 7 0 13 1 1 16 17 
9 3 10 7 4 0 18 6 16 1 15 16 18 0 7 14 10 3 14 15 
7 14 5 0 6 19 19 0 16 9 3 19 6 17 10 12 0 4 16 2 
6 15 9 1 5 2 18 6 1 17 1 19 8 9 4 9 2 15 14 10 
16 8 6 6 1 13 2 15 13 5 16 8 14 12 13 19 6 12 1 0 
6 13 11 5 9 12 6 14 15 19 3 3 11 7 11 5 7 5 10 6 
0 19 0 2 10 12 7 8 1 12 3 10 8 3 2 13 15 5 11 5 
18 4 15 13 4 8 10 5 4 14 4 8 12 16 15 11 19 5 14 8 
4 13 2 18 12 6 4 14 4 12 18 12 16 15 3 12 16 10 17 2 
6 2 9 12 11 10 13 6 7 9 15 12 13 6 19 0 2 14 9 17 
14 15 1 10 3 17 8 16 2 1 2 0 17 6 11 18 14 3 8 12 
11 15 12 8 11 1 8 1 1 13 18 4 18 17 6 0 4 17 15 1 
10 13 10 17 8 1 19 0 9 13 19 1 8 9 12 14 16 5 3 13 

57 57 
2 9 11 
2 13 15 
2 17 4 
2 16 12 
2 6 15 
2 1 5 
2 8 10 
2 18 11 
2 1 17 
2 8 13 
2 10 11 
2 18 6 
2 17 18 
2 17 2 
2 0 11 
2 18 7 
2 0 19 
2 6 9 
2 19 13 
2 0 12 
2 5 7 
2 17 11 
2 1 5 
2 1 8 
2 1 18 
2 17 8 
2 2 7 
2 16 6 
2 1 19 
2 0 14 
2 0 5 
2 19 4 
2 19 7 
2 6 10 
2 19 8 
2 3 15 
2 19 5 
2 10 13 
2 2 7 
2 0 9 
2 0 13 
2 19 5 
2 4 13 
2 2 6 
2 18 5 
2 18 8 
2 2 3 
2 3 6 
2 3 5 
2 6 9 
2 3 8 
2 5 8 
2 2 5 
2 5 13 
2 6 10 
2 4 6 
2 16 19 

2 2 12 
2 1 12 
2 0 8 
2 8 13 
2 1 9 
2 1 13 
2 18 6 
2 1 15 
2 4 11 
2 17 10 
2 2 3 
2 1 2 
2 16 17 
2 1 19 
2 10 13 
2 8 11 
2 1 12 
2 17 7 
2 2 4 
2 0 15 
2 2 10 
2 17 8 
2 11 12 
2 5 14 
2 3 9 
2 19 10 
2 2 9 
2 3 11 
2 10 15 
2 17 4 
2 6 8 
2 2 7 
2 18 11 
2 17 6 
2 2 7 
2 13 15 
2 7 9 
2 18 14 
2 0 8 
2 18 10 
2 0 17 
2 2 4 
2 0 19 
2 16 4 
2 18 19 
2 18 12 
2 16 11 
2 6 13 
2 8 12 
2 0 11 
2 17 6 
2 18 7 
2 1 13 
2 14 15 
2 1 4 
2 13 15 
2 12 15 
