20 true 25

2 4 16 17 10 7 0 11 1 5 10 3 8 7 14 10 12 4 8 1 
7 15 10 17 19 15 8 10 19 13 10 4 0 18 16 14 16 12 11 13 
0 2 2 12 1 8 19 15 15 5 19 0 15 10 2 1 2 8 17 15 
2 17 0 7 16 9 11 7 18 11 11 14 14 18 7 9 13 0 18 5 
10 1 17 2 10 10 4 14 16 0 9 3 11 17 3 15 15 12 5 15 
17 3 4 7 0 0 18 7 12 18 18 4 4 12 3 19 6 12 19 16 
3 1 12 5 18 2 14 10 16 1 7 16 0 0 4 16 17 15 19 12 
12 4 17 1 17 16 7 16 4 2 15 9 7 15 12 14 18 8 11 16 
12 2 2 7 17 13 12 5 8 2 14 19 12 7 7 5 2 2 6 5 
16 5 17 5 1 11 12 15 4 5 19 16 7 4 10 15 9 2 3 5 
5 13 19 5 6 7 13 13 6 19 8 8 0 16 14 9 16 16 7 12 
0 6 4 3 14 8 17 8 8 3 13 11 0 19 16 12 7 12 10 3 
14 7 6 11 16 1 12 10 12 11 8 8 14 1 13 12 0 10 2 3 
12 15 18 11 18 2 0 13 15 13 6 6 6 18 11 18 10 15 14 18 
6 7 17 14 17 1 5 1 3 6 4 8 4 5 19 15 11 2 11 10 
6 4 19 13 1 13 16 5 11 16 7 11 1 0 16 11 16 17 9 7 
6 3 12 11 4 15 16 8 6 13 9 16 9 17 10 18 16 7 16 6 
10 11 19 11 18 13 11 7 4 9 15 17 4 10 9 8 14 15 8 5 
15 15 4 3 9 19 12 10 1 1 16 2 13 3 10 11 14 13 7 5 
5 17 14 9 1 14 18 2 9 9 2 16 9 6 10 9 14 7 11 8 

47 47 
2 3 11 
2 2 19 
2 0 2 
2 19 5 
2 7 13 
2 5 9 
2 16 12 
2 10 14 
2 16 2 
2 18 13 
2 1 12 
2 1 12 
2 6 15 
2 1 18 
2 16 10 
2 0 11 
2 19 13 
2 19 10 
2 17 12 
2 4 15 
2 5 15 
2 2 6 
2 17 15 
2 19 12 
2 1 18 
2 1 2 
2 1 9 
2 9 12 
2 18 14 
2 17 10 
2 6 9 
2 2 13 
2 16 5 
2 5 6 
2 17 8 
2 8 14 
2 8 13 
2 1 12 
2 2 3 
2 1 8 
2 1 9 
2 16 19 
2 4 9 
2 0 13 
2 0 3 
2 16 10 
2 1 4 

2 19 4 
2 8 14 
2 17 11 
2 16 15 
2 3 7 
2 1 11 
2 1 6 
2 1 6 
2 10 14 
2 3 11 
2 3 10 
2 1 12 
2 2 11 
2 16 12 
2 6 9 
2 16 5 
2 6 9 
2 10 11 
2 2 7 
2 0 5 
2 0 7 
2 3 13 
2 0 18 
2 14 15 
2 3 19 
2 19 11 
2 6 15 
2 6 13 
2 0 2 
2 11 13 
2 17 18 
2 6 12 
2 4 15 
2 16 3 
2 0 3 
2 10 11 
2 11 14 
2 11 12 
2 1 5 
2 4 15 
2 5 12 
2 16 12 
2 4 15 
2 1 10 
2 3 4 
2 4 7 
2 17 15 
