20 true 26

9 9 14 14 4 8 15 5 14 5 8 0 7 16 3 18 8 4 2 9 
12 15 2 18 18 9 10 16 3 14 1 5 0 8 4 2 1 11 6 7 
2 3 18 1 13 8 19 19 14 17 9 6 12 18 1 15 7 4 13 11 
7 19 18 11 7 8 16 5 5 6 17 0 12 14 13 13 14 7 17 15 
13 7 13 11 11 18 12 6 8 3 19 16 2 11 18 3 4 4 2 19 
9 5 4 2 16 12 15 9 14 5 17 11 3 12 3 15 8 0 6 15 
13 4 6 17 13 14 2 10 3 16 19 10 11 6 12 2 17 9 0 16 
9 2 2 19 1 12 13 1 14 5 15 18 7 16 13 0 7 19 18 5 
14 5 19 7 11 7 19 19 3 18 8 2 13 5 5 19 5 12 1 16 
18 7 5 16 5 0 1 15 2 18 11 10 0 10 15 2 6 6 12 7 
5 16 11 16 1 18 10 0 7 12 18 6 4 5 16 9 15 14 14 9 
0 12 14 5 14 9 18 8 11 8 18 17 13 15 12 17 7 4 17 11 
0 10 13 13 7 13 13 0 3 8 0 5 2 6 1 0 15 16 11 15 
13 0 3 7 2 6 10 4 3 8 2 15 4 17 3 2 17 6 14 13 
16 14 8 13 14 18 5 0 3 13 11 7 6 10 17 8 1 14 10 10 
4 19 13 18 10 3 7 17 3 7 8 18 18 11 9 13 17 14 5 16 
4 18 14 16 4 1 8 9 1 8 10 7 9 5 15 17 5 3 12 15 
16 5 2 13 1 6 7 15 18 10 0 10 15 16 19 16 16 2 11 16 
12 5 19 10 14 2 6 15 10 4 8 12 18 10 17 10 2 16 9 17 
0 14 15 8 18 13 14 2 12 16 4 5 19 13 17 18 5 8 4 14 

49 49 
2 16 2 
2 5 14 
2 18 8 
2 6 8 
2 0 19 
2 19 4 
2 0 19 
2 5 14 
2 3 5 
2 4 10 
2 4 8 
2 19 4 
2 7 8 
2 18 14 
2 1 5 
2 7 11 
2 1 6 
2 7 14 
2 9 15 
2 10 11 
2 17 1 
2 4 9 
2 1 4 
2 2 9 
2 9 12 
2 17 18 
2 3 10 
2 3 9 
2 19 13 
2 9 12 
2 8 14 
2 1 12 
2 2 14 
2 0 17 
2 7 11 
2 2 15 
2 3 9 
2 16 8 
2 1 13 
2 2 19 
2 10 14 
2 10 11 
2 16 3 
2 0 6 
2 18 19 
2 9 13 
2 12 13 
2 0 19 
2 1 14 

2 0 18 
2 19 7 
2 17 19 
2 17 5 
2 8 10 
2 18 8 
2 17 19 
2 8 10 
2 4 9 
2 17 3 
2 0 18 
2 4 15 
2 5 13 
2 19 7 
2 16 19 
2 16 4 
2 16 2 
2 2 4 
2 1 14 
2 2 5 
2 17 6 
2 6 14 
2 18 15 
2 17 8 
2 19 13 
2 2 11 
2 19 14 
2 7 8 
2 1 12 
2 19 9 
2 12 15 
2 5 7 
2 7 9 
2 3 4 
2 5 15 
2 4 10 
2 18 14 
2 9 13 
2 2 19 
2 7 11 
2 9 12 
2 16 4 
2 0 7 
2 7 12 
2 9 13 
2 2 10 
2 17 11 
2 4 9 
2 9 10 
