20 true 27

12 16 4 5 9 0 15 7 11 14 9 13 10 6 6 11 19 11 19 0 
13 13 9 9 2 14 16 10 4 10 7 7 13 12 5 8 9 6 6 4 
14 17 14 7 16 15 17 10 15 13 4 15 5 11 7 9 17 14 8 11 
17 7 14 14 0 1 6 11 2 3 11 11 17 15 14 17 16 17 0 12 
14 13 18 17 10 0 7 11 13 4 5 8 14 14 17 15 13 18 8 8 
19 4 3 16 1 2 9 8 15 10 1 18 19 11 14 5 0 0 1 10 
19 5 18 9 0 13 18 3 15 5 2 12 6 4 2 11 5 1 14 14 
17 0 3 16 19 18 6 19 15 13 11 3 16 17 12 6 4 10 11 14 
13 11 18 10 13 4 10 11 10 17 10 5 5 4 5 3 10 6 7 4 
7 10 6 8 14 14 13 18 11 14 10 0 7 8 1 19 6 10 10 14 
17 19 17 8 10 14 4 13 17 7 5 1 9 19 1 8 0 16 13 7 
0 18 14 15 13 14 19 16 10 3 2 9 15 3 7 8 16 14 15 5 
8 10 15 1 14 16 9 14 10 12 12 12 13 10 4 5 19 1 7 10 
4 3 6 2 1 6 5 15 4 3 5 4 10 4 11 2 6 1 2 12 
2 12 16 16 11 10 9 13 16 19 4 6 17 10 17 18 9 12 12 3 
7 9 16 1 7 11 18 11 0 5 13 5 3 9 0 9 5 15 2 7 
8 1 18 3 7 5 5 13 14 13 17 12 12 0 14 15 19 13 14 1 
13 5 8 0 1 7 5 6 14 19 17 19 0 13 17 10 19 11 11 14 
10 0 16 16 0 8 3 7 8 0 9 1 19 8 12 5 17 7 10 11 
11 17 13 8 0 7 17 6 7 5 6 0 3 8 16 6 12 16 9 13 

51 51 
2 4 6 
2 0 2 
2 18 19 
2 8 12 
2 8 14 
2 2 19 
2 18 12 
2 12 14 
2 19 4 
2 16 11 
2 16 3 
2 16 6 
2 11 14 
2 3 15 
2 4 6 
2 0 4 
2 16 0 
2 0 10 
2 0 8 
2 18 9 
2 16 6 
2 2 11 
2 19 3 
2 17 13 
2 1 14 
2 19 12 
2 9 12 
2 1 8 
2 19 4 
2 16 14 
2 3 13 
2 1 3 
2 1 3 
2 0 9 
2 5 6 
2 9 15 
2 9 11 
2 13 15 
2 3 8 
2 7 14 
2 4 9 
2 0 4 
2 0 19 
2 12 15 
2 9 14 
2 18 12 
2 6 14 
2 4 5 
2 3 6 
2 0 19 
2 14 15 

2 3 14 
2 19 4 
2 7 10 
2 10 12 
2 19 8 
2 18 4 
2 6 7 
2 16 19 
2 5 13 
2 5 9 
2 4 12 
2 4 12 
2 0 16 
2 7 8 
2 4 9 
2 5 13 
2 19 3 
2 7 11 
2 10 15 
2 5 14 
2 6 7 
2 1 13 
2 0 6 
2 3 6 
2 0 5 
2 4 15 
2 0 14 
2 10 12 
2 1 12 
2 2 5 
2 16 7 
2 3 10 
2 18 6 
2 19 7 
2 3 14 
2 0 6 
2 12 15 
2 0 10 
2 17 6 
2 1 3 
2 2 12 
2 6 11 
2 17 19 
2 3 14 
2 9 11 
2 16 3 
2 3 7 
2 9 11 
2 0 17 
2 8 13 
2 7 11 
