20 true 26

11 7 14 18 16 19 4 4 13 12 19 14 3 16 1 10 12 5 3 11 
9 13 15 10 5 7 12 15 6 14 5 16 18 5 16 6 19 6 4 13 
13 13 18 0 15 9 18 6 14 19 4 10 17 13 0 13 5 1 7 14 
15 4 15 7 7 8 14 4 14 19 7 18 1 8 2 19 12 19 3 10 
15 0 7 7 12 9 3 17 16 16 7 11 18 18 18 15 1 1 3 8 
0 2 11 5 1 13 13 19 15 12 3 2 7 16 5 9 17 3 17 12 
15 5 1 5 10 10 9 19 16 9 15 11 13 13 4 0 14 14 8 16 
10 8 4 17 19 11 14 10 17 1 17 12 8 2 6 15 4 12 8 11 
16 4 15 2 19 0 14 5 15 10 5 18 3 19 5 7 12 12 1 19 
6 11 17 9 19 14 12 10 16 18 14 8 1 15 11 12 18 7 15 5 
13 19 8 11 8 8 18 14 0 14 8 13 7 14 18 3 12 19 10 9 
5 12 0 15 10 1 9 16 7 4 14 10 15 17 10 12 18 10 19 15 
7 3 18 12 2 12 19 1 8 5 6 11 17 8 7 13 17 4 5 2 
0 6 13 9 2 5 0 10 7 5 19 8 19 10 7 16 4 5 7 9 
5 17 4 1 10 17 6 5 12 7 13 3 2 0 5 15 17 16 0 10 
17 11 19 11 15 17 19 9 4 2 8 7 1 10 11 11 17 16 14 15 
1 1 1 2 5 10 5 7 1 17 17 1 10 14 5 11 11 1 4 10 
1 17 1 19 5 1 6 4 17 16 8 1 9 2 4 16 19 12 10 2 
0 9 11 7 4 19 5 7 15 14 12 3 9 14 10 7 4 10 19 14 
1 3 14 9 5 0 3 14 9 5 5 15 15 3 10 0 16 12 14 4 

49 49 
2 9 15 
2 16 19 
2 16 6 
2 7 11 
2 0 3 
2 1 18 
2 4 14 
2 12 15 
2 0 17 
2 5 6 
2 19 12 
2 5 6 
2 0 4 
2 6 7 
2 6 8 
2 8 12 
2 10 14 
2 0 4 
2 10 11 
2 1 6 
2 17 12 
2 9 13 
2 0 18 
2 0 3 
2 0 18 
2 0 1 
2 19 11 
2 5 13 
2 18 9 
2 8 10 
2 18 19 
2 2 19 
2 2 4 
2 5 11 
2 6 13 
2 0 8 
2 3 15 
2 4 11 
2 1 9 
2 1 10 
2 18 3 
2 5 9 
2 2 14 
2 2 6 
2 6 8 
2 1 3 
2 4 11 
2 3 9 
2 2 15 

2 1 14 
2 18 5 
2 16 10 
2 6 9 
2 12 13 
2 19 13 
2 0 12 
2 16 8 
2 19 6 
2 4 9 
2 18 14 
2 16 13 
2 6 10 
2 5 7 
2 6 10 
2 0 1 
2 1 18 
2 16 17 
2 18 10 
2 17 14 
2 2 13 
2 0 14 
2 6 11 
2 0 13 
2 17 13 
2 19 14 
2 5 7 
2 1 3 
2 16 6 
2 3 19 
2 0 16 
2 16 10 
2 12 13 
2 18 14 
2 0 5 
2 16 11 
2 3 5 
2 18 5 
2 1 15 
2 10 13 
2 19 11 
2 17 7 
2 18 5 
2 17 10 
2 8 15 
2 8 13 
2 16 18 
2 8 11 
2 2 10 
