20 true 28

18 13 4 4 6 15 13 5 2 8 15 10 19 5 16 5 14 8 17 3 
10 12 19 9 6 4 15 16 17 17 2 5 6 18 17 9 16 16 13 16 
4 12 8 10 0 10 8 3 5 13 12 16 19 17 11 11 17 5 0 19 
12 3 4 0 5 10 15 16 15 6 10 15 17 2 15 13 14 1 6 6 
11 15 16 2 11 12 18 19 6 8 19 2 12 15 3 1 19 19 19 13 
18 10 12 8 11 4 19 6 10 18 17 5 15 18 10 7 15 6 6 15 
18 13 12 11 6 11 13 12 0 8 19 15 16 4 9 6 10 11 14 5 
15 16 7 15 13 0 16 13 4 14 16 17 13 4 18 18 15 7 5 12 
0 11 5 19 19 9 9 10 4 6 11 16 1 14 13 1 15 10 11 11 
5 6 7 16 12 19 2 12 7 16 11 11 5 4 9 6 7 0 10 16 
6 8 3 18 7 12 17 12 9 0 17 18 15 1 1 4 17 1 9 13 
18 17 15 0 11 18 9 9 0 3 14 16 7 11 17 12 8 8 17 16 
0 4 15 9 7 11 18 19 7 1 10 18 19 17 11 17 8 19 1 17 
11 0 2 19 9 10 10 8 5 19 4 3 17 16 8 13 11 4 7 9 
8 18 2 5 16 2 16 15 16 16 5 9 3 16 16 2 19 18 9 13 
8 17 12 11 7 16 16 5 9 8 6 13 15 19 14 4 11 15 19 9 
9 11 1 18 6 4 1 1 12 1 12 15 7 7 0 1 0 15 16 19 
8 13 19 3 8 4 18 15 16 3 3 12 8 8 15 3 19 10 0 13 
8 10 15 13 3 6 0 17 9 11 17 16 13 7 10 6 13 8 5 14 
0 5 17 16 19 7 12 4 18 13 3 17 18 5 2 18 14 6 1 14 

53 53 
2 10 14 
2 8 12 
2 17 7 
2 0 9 
2 8 9 
2 8 12 
2 10 15 
2 17 1 
2 5 13 
2 17 6 
2 18 3 
2 2 13 
2 19 12 
2 16 13 
2 5 15 
2 4 9 
2 2 13 
2 6 11 
2 6 13 
2 5 14 
2 19 4 
2 5 13 
2 7 10 
2 2 5 
2 18 14 
2 5 12 
2 6 10 
2 3 5 
2 16 9 
2 18 5 
2 2 19 
2 11 12 
2 4 9 
2 1 13 
2 17 18 
2 1 8 
2 6 13 
2 1 10 
2 11 14 
2 19 8 
2 1 7 
2 9 13 
2 6 7 
2 5 9 
2 3 11 
2 3 11 
2 6 14 
2 11 13 
2 8 14 
2 4 12 
2 5 8 
2 5 11 
2 12 15 

2 16 14 
2 9 15 
2 1 12 
2 4 5 
2 11 12 
2 4 6 
2 5 14 
2 1 15 
2 3 10 
2 3 10 
2 5 11 
2 18 6 
2 17 4 
2 6 7 
2 0 12 
2 0 11 
2 6 11 
2 2 7 
2 1 7 
2 16 8 
2 18 3 
2 0 11 
2 6 12 
2 17 3 
2 18 5 
2 18 12 
2 18 7 
2 0 18 
2 8 12 
2 2 10 
2 12 15 
2 1 9 
2 3 8 
2 5 10 
2 0 18 
2 0 15 
2 19 12 
2 4 14 
2 8 14 
2 2 7 
2 1 13 
2 2 19 
2 3 13 
2 17 7 
2 7 9 
2 18 15 
2 19 13 
2 19 14 
2 17 5 
2 17 9 
2 4 5 
2 17 8 
2 1 6 
