20 true 27

8 11 4 13 0 0 5 4 15 17 5 19 11 11 0 13 19 12 12 3 
1 9 17 1 19 14 0 2 3 8 4 9 14 7 7 5 12 2 4 10 
3 5 14 16 16 7 7 18 15 12 16 8 4 8 5 3 9 16 4 3 
0 19 7 3 4 10 8 1 6 15 14 14 12 18 10 15 18 1 17 19 
13 1 17 3 5 16 3 15 14 7 19 1 0 11 19 6 13 2 3 11 
3 11 14 10 17 4 11 1 19 0 2 10 19 2 4 11 9 9 9 3 
9 1 18 17 10 1 19 8 11 9 8 11 14 17 13 9 9 10 15 12 
12 14 4 5 5 4 0 10 14 4 10 2 10 13 13 0 5 8 1 14 
13 11 2 12 11 13 11 9 1 16 9 3 3 7 1 19 12 13 1 13 
1 12 19 1 1 5 11 3 4 3 2 1 0 10 16 11 18 18 19 13 
19 5 8 15 8 0 6 19 3 10 11 13 12 4 3 0 16 1 11 7 
4 5 18 10 1 18 17 13 2 0 8 8 19 2 6 1 2 10 1 2 
1 13 18 8 8 19 2 12 5 6 12 6 10 12 6 10 14 2 3 2 
16 13 14 7 5 8 18 17 6 13 2 9 16 2 2 8 19 9 5 4 
14 14 5 14 16 15 7 17 4 13 2 12 1 18 3 9 6 18 2 1 
6 1 16 8 1 0 12 9 3 11 4 16 6 16 14 11 3 6 0 4 
10 18 6 15 12 7 18 19 14 13 5 15 14 16 19 9 16 0 2 12 
16 14 16 8 13 10 6 6 4 1 19 7 16 5 5 4 18 7 7 13 
19 10 6 2 4 3 7 8 9 17 12 3 14 18 3 8 14 15 14 5 
3 3 3 12 18 10 19 10 3 9 8 2 18 6 4 1 14 14 15 16 

51 51 
2 2 12 
2 12 15 
2 4 7 
2 6 11 
2 18 5 
2 4 14 
2 9 14 
2 18 6 
2 4 8 
2 4 15 
2 0 9 
2 7 12 
2 8 11 
2 5 12 
2 18 10 
2 4 8 
2 0 14 
2 0 12 
2 2 12 
2 0 9 
2 0 10 
2 18 10 
2 2 4 
2 3 10 
2 6 8 
2 17 7 
2 4 15 
2 18 12 
2 3 15 
2 17 14 
2 6 14 
2 17 15 
2 1 8 
2 16 18 
2 6 9 
2 10 15 
2 1 4 
2 6 11 
2 16 1 
2 18 2 
2 2 11 
2 7 15 
2 16 18 
2 4 12 
2 18 5 
2 16 8 
2 3 7 
2 7 13 
2 6 8 
2 2 7 
2 18 9 

2 3 7 
2 0 9 
2 7 12 
2 6 8 
2 12 13 
2 10 15 
2 1 14 
2 7 14 
2 18 9 
2 19 4 
2 12 13 
2 0 3 
2 16 15 
2 10 11 
2 3 6 
2 0 12 
2 16 13 
2 17 5 
2 3 8 
2 9 11 
2 3 12 
2 5 6 
2 11 15 
2 16 1 
2 17 14 
2 1 9 
2 4 13 
2 19 4 
2 3 12 
2 0 3 
2 3 13 
2 18 7 
2 10 15 
2 8 15 
2 8 12 
2 4 14 
2 17 15 
2 9 13 
2 6 10 
2 9 13 
2 11 13 
2 5 8 
2 18 9 
2 10 12 
2 3 13 
2 16 5 
2 19 5 
2 2 13 
2 19 3 
2 2 14 
2 3 9 
