20 true 25

7 2 16 16 19 10 1 0 6 17 6 15 11 18 8 3 18 14 19 19 
18 2 19 19 15 1 13 1 15 17 19 6 17 5 16 3 7 0 12 19 
15 10 4 6 1 1 19 4 8 0 14 13 17 0 8 17 10 13 4 6 
18 6 16 5 2 9 11 8 13 9 12 0 5 12 13 3 14 3 0 0 
4 10 17 5 19 3 16 16 18 0 10 15 16 1 13 10 2 6 4 11 
19 12 17 12 15 15 4 6 15 14 18 12 10 4 2 15 18 19 3 15 
7 9 8 3 9 17 5 12 14 1 8 16 17 3 0 13 6 16 19 3 
3 15 7 6 13 1 14 19 3 13 0 8 10 18 12 17 15 15 7 19 
2 3 10 4 11 13 9 1 11 4 14 1 19 13 4 12 3 15 13 2 
2 10 6 11 11 3 12 10 18 16 15 5 3 6 12 15 16 5 16 9 
5 9 15 7 17 15 17 15 1 19 12 18 19 16 19 1 6 3 6 13 
7 17 5 14 3 2 8 16 12 19 4 14 9 19 10 16 2 3 10 5 
16 12 18 6 1 2 13 8 16 17 9 6 1 14 15 18 9 19 11 4 
16 13 1 5 3 3 8 18 14 3 8 4 16 19 4 6 9 15 4 18 
1 10 16 19 1 2 19 0 15 3 16 10 0 11 5 0 11 5 12 6 
13 0 14 15 19 17 18 16 0 12 1 17 8 18 8 8 19 13 15 18 
5 5 3 4 4 15 4 15 13 0 11 10 2 10 14 16 8 15 12 7 
7 1 11 11 15 0 13 17 19 6 1 2 19 6 19 3 8 6 7 1 
15 5 12 7 3 13 14 11 16 18 1 15 13 17 14 19 17 19 0 10 
1 5 9 7 14 3 11 18 2 10 11 1 2 5 18 12 2 8 2 10 

47 47 
2 16 3 
2 3 8 
2 6 8 
2 0 19 
2 0 19 
2 18 19 
2 18 12 
2 16 4 
2 1 12 
2 13 15 
2 6 14 
2 4 12 
2 5 15 
2 11 13 
2 19 7 
2 4 12 
2 1 14 
2 5 6 
2 16 18 
2 4 5 
2 17 12 
2 0 2 
2 3 10 
2 0 2 
2 12 14 
2 0 19 
2 7 15 
2 9 15 
2 1 9 
2 0 10 
2 1 14 
2 2 6 
2 0 17 
2 1 10 
2 16 18 
2 7 11 
2 7 15 
2 7 8 
2 16 3 
2 16 15 
2 0 12 
2 0 10 
2 3 14 
2 0 19 
2 16 12 
2 6 10 
2 3 7 

2 0 18 
2 2 4 
2 2 9 
2 2 4 
2 5 11 
2 18 15 
2 16 12 
2 0 9 
2 16 0 
2 16 15 
2 17 2 
2 18 12 
2 6 12 
2 7 15 
2 6 7 
2 9 14 
2 17 18 
2 19 9 
2 8 15 
2 10 15 
2 3 14 
2 18 19 
2 9 10 
2 16 18 
2 6 8 
2 18 5 
2 14 15 
2 1 11 
2 2 14 
2 5 7 
2 9 14 
2 0 8 
2 9 15 
2 19 8 
2 9 15 
2 16 15 
2 0 19 
2 3 8 
2 16 2 
2 6 15 
2 0 9 
2 0 15 
2 10 12 
2 9 14 
2 17 4 
2 19 15 
2 8 13 
