20 true 30

6 0 3 7 16 14 15 5 2 5 9 3 11 8 11 6 11 4 4 10 
5 4 15 9 2 1 5 7 11 17 16 1 17 7 4 2 13 11 7 13 
1 4 12 9 3 18 0 14 15 2 3 13 12 13 5 5 10 2 3 2 
2 19 9 3 15 13 2 6 11 3 2 2 15 2 6 13 13 11 19 12 
3 14 16 10 17 14 4 7 4 6 9 6 18 15 19 3 12 6 12 18 
13 12 7 12 3 13 4 11 0 1 15 4 7 13 5 18 6 0 5 7 
16 11 6 4 4 11 8 17 1 2 13 14 8 4 1 7 10 7 6 11 
18 1 18 6 3 11 7 10 15 2 6 16 14 13 9 4 13 1 12 8 
3 3 15 12 0 8 2 13 18 12 10 15 7 19 18 14 16 3 13 3 
9 13 17 7 17 12 0 13 2 7 13 11 13 5 19 3 19 7 12 9 
6 8 12 4 0 15 2 12 6 13 4 14 8 14 3 12 5 8 5 16 
9 2 7 6 6 12 3 12 18 12 13 17 1 9 12 1 17 18 13 1 
0 1 19 1 9 1 5 14 9 6 2 3 2 6 10 5 14 10 16 14 
0 15 16 16 5 5 13 0 14 4 15 14 7 17 11 19 5 3 16 17 
15 4 8 16 0 15 1 16 13 7 6 14 8 8 3 7 4 6 1 18 
11 2 3 17 11 3 9 6 9 3 18 1 19 5 9 4 8 1 16 4 
2 19 12 6 17 7 8 5 15 18 4 6 16 6 18 13 7 12 7 16 
12 10 19 17 6 0 9 0 1 3 2 0 3 8 13 8 15 16 0 0 
9 2 2 16 0 6 19 19 2 14 18 9 7 16 19 9 13 18 5 11 
17 9 13 1 15 3 4 18 4 16 5 9 11 5 1 5 3 8 3 13 

57 57 
2 1 9 
2 19 3 
2 1 13 
2 9 10 
2 7 12 
2 1 10 
2 8 10 
2 0 1 
2 11 13 
2 16 15 
2 6 10 
2 2 8 
2 4 9 
2 18 14 
2 7 9 
2 17 4 
2 16 4 
2 1 9 
2 9 15 
2 1 17 
2 17 3 
2 7 8 
2 18 5 
2 7 13 
2 1 6 
2 3 10 
2 11 14 
2 11 15 
2 4 11 
2 4 6 
2 19 9 
2 5 13 
2 17 2 
2 6 10 
2 16 8 
2 0 9 
2 8 13 
2 1 11 
2 17 19 
2 4 8 
2 17 10 
2 16 14 
2 17 12 
2 7 8 
2 9 11 
2 1 6 
2 16 15 
2 4 15 
2 2 6 
2 17 10 
2 16 5 
2 2 14 
2 4 7 
2 1 7 
2 16 6 
2 17 2 
2 0 6 

2 5 14 
2 3 10 
2 3 6 
2 2 7 
2 9 12 
2 17 19 
2 1 13 
2 14 15 
2 8 10 
2 2 10 
2 16 7 
2 4 13 
2 18 9 
2 12 14 
2 1 19 
2 1 10 
2 1 6 
2 0 14 
2 10 14 
2 17 15 
2 18 10 
2 19 8 
2 10 13 
2 3 6 
2 6 8 
2 0 5 
2 3 9 
2 1 3 
2 2 7 
2 16 5 
2 8 15 
2 16 13 
2 8 13 
2 12 14 
2 0 18 
2 0 4 
2 9 13 
2 3 12 
2 2 6 
2 1 8 
2 2 10 
2 2 15 
2 17 11 
2 16 4 
2 16 19 
2 3 11 
2 5 14 
2 2 8 
2 5 9 
2 16 9 
2 8 9 
2 3 5 
2 1 4 
2 12 14 
2 18 13 
2 2 8 
2 9 14 
