20 true 30

1 13 11 11 1 10 2 1 8 15 10 13 17 12 7 18 18 13 3 17 
1 0 10 12 7 16 5 9 17 15 1 10 7 14 3 18 4 8 4 3 
4 16 0 18 14 14 2 15 7 11 1 6 14 9 1 1 18 17 6 1 
2 10 3 16 7 9 14 7 18 18 12 16 15 11 10 8 15 17 6 2 
5 18 1 14 2 15 14 0 19 12 2 13 11 7 6 3 18 3 6 3 
1 3 18 4 16 3 1 3 0 17 17 2 12 0 6 16 3 6 17 13 
8 4 19 8 12 3 18 16 13 13 15 8 17 13 18 13 10 9 6 15 
17 16 10 17 17 6 11 10 12 3 2 17 5 5 19 1 16 17 8 1 
19 15 5 9 7 14 2 10 11 16 2 3 19 0 1 19 11 2 14 13 
3 7 11 18 17 8 12 0 14 3 8 9 2 9 11 6 15 10 9 17 
7 14 17 10 10 11 8 17 2 3 3 7 10 7 7 2 4 3 7 9 
19 3 12 8 18 16 8 15 17 11 3 12 10 8 2 7 19 9 4 0 
15 2 0 6 0 0 10 14 15 2 0 12 13 8 4 17 7 2 2 14 
12 11 14 13 2 8 0 7 19 14 14 4 2 3 12 6 14 13 3 15 
7 15 15 13 14 11 0 6 12 0 2 1 16 19 2 18 3 13 13 14 
12 4 2 13 4 0 18 19 5 4 11 8 14 12 14 17 18 9 17 12 
5 13 14 9 2 14 15 12 12 19 17 11 7 16 1 5 13 13 1 18 
4 17 8 12 7 16 8 5 18 11 3 19 9 7 7 11 6 0 10 2 
13 3 1 9 14 13 12 3 12 2 18 4 19 4 4 1 15 5 19 14 
10 3 16 18 5 15 15 17 14 5 3 7 9 1 14 5 2 15 1 4 

57 57 
2 2 12 
2 16 7 
2 18 4 
2 1 6 
2 9 13 
2 2 8 
2 2 11 
2 19 15 
2 19 7 
2 19 12 
2 0 11 
2 17 11 
2 16 15 
2 0 13 
2 16 5 
2 17 8 
2 3 19 
2 17 3 
2 19 8 
2 9 11 
2 2 7 
2 1 17 
2 18 4 
2 9 15 
2 19 9 
2 16 3 
2 4 8 
2 3 4 
2 2 14 
2 0 1 
2 2 12 
2 17 10 
2 17 13 
2 2 6 
2 4 13 
2 16 11 
2 2 7 
2 0 19 
2 0 11 
2 19 7 
2 5 13 
2 0 13 
2 18 11 
2 1 7 
2 10 13 
2 17 2 
2 4 13 
2 18 7 
2 0 4 
2 12 13 
2 6 10 
2 7 12 
2 0 18 
2 0 9 
2 16 15 
2 4 14 
2 3 4 

2 9 13 
2 6 9 
2 1 15 
2 16 10 
2 4 15 
2 2 8 
2 6 11 
2 5 6 
2 18 14 
2 10 13 
2 1 8 
2 17 8 
2 19 4 
2 3 5 
2 0 6 
2 16 6 
2 6 11 
2 2 13 
2 2 18 
2 0 2 
2 6 12 
2 1 7 
2 3 6 
2 19 9 
2 4 14 
2 16 13 
2 5 9 
2 12 13 
2 16 10 
2 9 10 
2 3 15 
2 19 11 
2 17 11 
2 0 11 
2 16 17 
2 16 2 
2 2 7 
2 3 5 
2 19 10 
2 16 18 
2 17 10 
2 8 15 
2 0 4 
2 0 2 
2 1 19 
2 5 8 
2 2 7 
2 16 15 
2 8 13 
2 5 8 
2 1 8 
2 10 11 
2 16 4 
2 19 8 
2 8 12 
2 8 14 
2 18 11 
