20 true 28

12 15 5 15 11 8 6 0 2 9 3 6 9 18 0 9 2 10 10 7 
17 2 16 2 8 6 7 6 0 13 6 8 9 11 4 16 1 9 4 9 
1 4 10 13 0 2 8 8 6 0 13 0 8 0 15 1 15 12 9 19 
15 12 3 5 18 14 6 8 1 5 7 2 9 8 1 2 0 3 10 3 
9 12 19 13 18 0 11 18 12 12 17 14 3 19 1 16 15 3 17 11 
10 6 12 16 8 12 15 4 6 3 1 12 13 18 0 1 5 19 2 18 
13 13 1 7 8 12 19 5 4 16 16 17 12 7 4 15 6 2 14 13 
10 11 13 9 14 10 3 2 4 12 10 7 4 3 18 8 18 1 3 3 
19 17 5 4 12 4 9 17 16 17 10 11 17 0 8 13 13 4 14 0 
18 12 8 4 2 17 5 5 1 8 16 3 7 11 19 11 16 2 14 16 
5 14 14 14 9 7 16 4 10 4 17 8 17 0 13 15 18 8 9 7 
12 2 11 15 18 2 1 6 11 8 10 17 4 9 7 2 9 8 14 2 
9 8 19 14 1 0 6 7 6 2 15 9 17 10 6 9 14 16 13 13 
18 0 14 11 6 15 11 6 15 17 0 6 18 12 3 11 0 12 2 5 
6 1 8 8 15 4 2 17 6 17 19 10 17 9 9 8 1 5 5 1 
14 1 0 4 2 0 14 6 7 18 5 0 2 1 18 8 15 9 10 4 
6 2 5 0 3 8 6 1 8 10 12 14 1 10 7 6 1 17 17 14 
7 4 19 10 1 12 4 8 12 5 1 19 3 10 19 7 10 19 7 17 
6 5 18 14 14 5 19 2 2 5 2 9 8 4 16 3 8 8 13 14 
9 17 13 18 8 1 14 9 4 16 19 9 14 16 0 7 8 11 2 18 

53 53 
2 16 12 
2 19 3 
2 2 13 
2 14 15 
2 2 13 
2 10 13 
2 18 3 
2 5 15 
2 18 19 
2 18 7 
2 1 18 
2 5 13 
2 11 14 
2 4 5 
2 11 13 
2 19 13 
2 16 15 
2 10 14 
2 18 5 
2 17 3 
2 3 9 
2 7 11 
2 14 15 
2 1 19 
2 16 14 
2 19 8 
2 1 10 
2 0 18 
2 17 9 
2 3 6 
2 17 13 
2 3 10 
2 16 11 
2 19 14 
2 4 12 
2 13 14 
2 8 12 
2 19 8 
2 16 0 
2 3 10 
2 1 6 
2 19 12 
2 19 13 
2 16 11 
2 2 3 
2 19 4 
2 5 11 
2 16 18 
2 3 12 
2 19 10 
2 16 13 
2 5 15 
2 4 6 

2 5 6 
2 8 13 
2 2 9 
2 17 12 
2 16 6 
2 19 10 
2 5 8 
2 14 15 
2 16 11 
2 16 3 
2 0 8 
2 4 9 
2 0 19 
2 19 13 
2 2 18 
2 0 13 
2 1 7 
2 8 12 
2 2 19 
2 5 7 
2 9 15 
2 17 19 
2 17 6 
2 13 15 
2 5 13 
2 3 6 
2 6 8 
2 6 8 
2 17 13 
2 4 7 
2 6 10 
2 0 16 
2 5 12 
2 6 12 
2 16 10 
2 16 5 
2 0 9 
2 3 9 
2 10 15 
2 10 14 
2 18 13 
2 14 15 
2 6 13 
2 2 11 
2 6 8 
2 2 7 
2 17 6 
2 6 14 
2 0 11 
2 1 3 
2 5 8 
2 17 10 
2 10 15 
