20 true 27

8 8 0 17 4 15 15 3 9 11 19 17 15 12 12 4 9 6 13 2 
6 1 6 18 2 12 6 14 2 9 16 8 18 12 4 17 1 16 19 13 
8 12 1 7 18 6 7 10 15 15 8 13 16 12 1 4 18 13 19 4 
19 8 14 4 6 5 2 0 9 13 18 19 3 8 18 0 5 16 4 8 
3 11 16 18 5 7 4 17 12 7 15 15 11 2 6 16 1 10 15 7 
15 6 10 16 0 12 3 15 17 12 6 13 7 15 10 11 1 5 6 14 
17 8 9 6 10 16 17 12 15 18 15 13 7 7 12 7 13 14 7 18 
10 16 18 15 4 9 1 11 17 17 9 5 15 15 1 14 4 17 15 17 
19 2 7 18 13 8 3 1 11 18 3 15 9 10 11 16 8 2 9 13 
5 10 4 12 1 1 1 8 10 0 16 10 10 9 11 9 6 16 4 12 
5 5 2 6 7 14 4 4 17 5 18 13 17 0 18 7 1 16 9 19 
4 6 8 9 8 5 10 2 0 2 11 8 16 4 12 4 9 1 5 10 
1 18 9 10 12 5 18 11 5 12 2 16 12 4 10 12 2 18 7 7 
6 14 0 1 5 13 15 11 4 5 3 2 10 0 12 10 17 18 14 19 
14 16 11 14 12 4 3 14 15 11 18 4 7 13 6 11 8 18 8 3 
15 2 9 16 1 15 1 14 19 18 9 3 18 17 0 4 3 17 2 16 
11 17 18 18 0 19 13 13 5 6 7 17 9 14 17 3 18 6 0 3 
5 10 19 5 10 19 18 0 2 1 18 14 17 15 13 19 3 6 19 0 
12 17 7 10 17 15 18 16 5 18 7 14 1 14 3 18 15 18 12 0 
2 4 2 10 6 9 1 13 4 18 4 12 5 7 1 0 11 1 13 6 

51 51 
2 1 13 
2 19 9 
2 11 13 
2 12 13 
2 2 4 
2 12 13 
2 12 15 
2 4 13 
2 16 0 
2 6 14 
2 17 6 
2 2 9 
2 5 8 
2 2 10 
2 4 8 
2 19 11 
2 1 19 
2 16 11 
2 11 14 
2 16 4 
2 12 15 
2 16 5 
2 16 13 
2 12 15 
2 16 6 
2 11 13 
2 1 15 
2 6 7 
2 6 9 
2 5 6 
2 17 6 
2 17 4 
2 12 14 
2 8 9 
2 16 15 
2 6 13 
2 19 8 
2 16 2 
2 10 13 
2 9 13 
2 8 15 
2 6 11 
2 3 11 
2 8 14 
2 16 11 
2 1 18 
2 1 6 
2 1 4 
2 1 9 
2 17 3 
2 6 12 

2 2 14 
2 0 9 
2 2 6 
2 13 14 
2 17 18 
2 9 13 
2 4 14 
2 19 11 
2 11 13 
2 16 2 
2 1 2 
2 0 9 
2 6 7 
2 16 11 
2 0 10 
2 5 13 
2 19 8 
2 16 2 
2 6 12 
2 19 4 
2 17 4 
2 4 13 
2 8 9 
2 17 18 
2 16 17 
2 14 15 
2 17 7 
2 3 5 
2 11 14 
2 0 9 
2 3 9 
2 0 4 
2 8 15 
2 12 15 
2 2 10 
2 16 10 
2 19 6 
2 5 12 
2 5 6 
2 4 11 
2 6 11 
2 7 12 
2 19 8 
2 10 14 
2 17 7 
2 17 2 
2 10 15 
2 17 7 
2 16 14 
2 6 8 
2 18 8 
