20 true 26

7 14 0 4 3 4 6 17 4 18 7 18 17 10 19 19 1 6 3 17 
16 5 6 13 10 10 8 3 1 4 15 11 5 17 6 2 14 3 8 9 
13 11 7 10 13 12 8 15 19 19 11 10 19 7 9 13 10 13 12 17 
1 14 13 5 7 16 17 12 2 18 7 14 3 9 16 16 12 13 8 4 
1 11 11 17 6 3 4 12 8 10 2 0 17 12 5 8 5 7 16 14 
13 15 6 14 12 7 0 2 17 0 8 9 10 12 7 2 18 15 8 3 
3 10 9 14 9 6 14 16 10 7 5 13 19 13 5 16 17 18 11 1 
6 15 15 0 17 9 14 2 3 14 19 5 17 3 9 16 5 8 10 5 
10 5 13 7 17 19 18 1 19 7 1 18 8 0 14 8 18 9 1 9 
2 13 10 9 7 9 4 19 10 4 14 13 9 19 0 10 6 2 3 19 
13 5 6 14 8 12 3 13 6 7 15 2 14 16 8 3 15 3 13 15 
13 17 4 15 15 2 12 10 11 1 18 6 14 6 10 19 0 2 1 18 
1 11 8 5 19 16 8 12 7 5 18 1 15 19 19 5 7 3 13 18 
7 19 8 6 17 14 5 18 14 7 12 1 11 0 2 7 0 0 16 12 
4 0 0 15 8 5 3 8 13 10 4 18 9 9 15 5 8 18 11 0 
10 15 2 8 12 3 5 18 9 17 9 8 10 3 12 15 4 19 7 17 
7 2 2 7 2 9 4 0 14 1 8 2 6 13 0 0 6 13 4 14 
12 4 14 8 13 6 8 8 16 4 17 3 9 14 15 15 17 16 17 13 
2 17 6 0 19 4 11 17 2 17 1 17 19 13 16 17 17 11 3 13 
12 8 14 6 9 4 12 0 14 16 0 5 3 11 7 9 18 3 16 14 

49 49 
2 17 9 
2 0 10 
2 18 10 
2 14 15 
2 19 4 
2 6 11 
2 5 15 
2 19 10 
2 1 5 
2 2 14 
2 9 11 
2 5 7 
2 4 14 
2 1 13 
2 18 11 
2 1 9 
2 3 9 
2 12 13 
2 19 8 
2 4 8 
2 16 4 
2 19 10 
2 5 15 
2 0 10 
2 18 3 
2 1 19 
2 3 10 
2 17 5 
2 18 7 
2 18 3 
2 18 15 
2 1 12 
2 2 11 
2 6 15 
2 3 10 
2 19 7 
2 16 3 
2 0 19 
2 4 7 
2 19 7 
2 16 8 
2 4 10 
2 17 4 
2 1 12 
2 16 1 
2 2 8 
2 18 8 
2 16 2 
2 9 11 

2 4 12 
2 18 4 
2 3 13 
2 1 14 
2 9 14 
2 19 15 
2 18 4 
2 11 15 
2 8 14 
2 0 17 
2 16 3 
2 16 10 
2 17 2 
2 0 12 
2 18 2 
2 19 11 
2 16 14 
2 3 9 
2 1 12 
2 18 15 
2 19 5 
2 18 4 
2 19 8 
2 3 13 
2 4 8 
2 5 6 
2 6 11 
2 18 6 
2 4 9 
2 9 10 
2 13 14 
2 17 3 
2 17 2 
2 8 9 
2 8 12 
2 9 14 
2 16 11 
2 3 12 
2 10 11 
2 4 9 
2 16 14 
2 0 5 
2 1 5 
2 2 12 
2 16 1 
2 2 18 
2 17 7 
2 16 4 
2 18 6 
