20 true
4 4 8 15 16 17 9 5 19 0 2 11 7 10 16 11 3 10 6 19 
4 4 8 19 1 9 7 4 12 13 7 11 15 5 1 8 9 13 4 12 
15 19 2 19 16 19 6 3 9 16 3 15 14 3 13 2 9 4 9 9 
1 7 4 4 11 12 1 10 5 4 10 17 10 15 14 0 4 15 6 5 
13 13 8 3 8 12 13 2 6 16 3 4 2 4 19 11 13 7 17 4 
3 7 13 15 17 12 9 7 18 6 3 14 7 12 11 14 3 10 18 7 
2 3 14 13 3 0 8 16 2 14 4 0 3 1 1 8 16 14 15 7 
10 12 17 12 15 8 0 2 18 10 7 11 16 13 15 10 18 7 5 19 
1 15 19 6 19 16 1 1 0 18 0 7 18 2 12 6 0 19 2 7 
4 2 9 0 10 7 12 18 10 13 12 4 17 7 8 11 16 6 1 3 
8 15 5 12 2 12 6 5 6 19 0 6 1 12 11 18 19 10 16 19 
14 11 18 6 12 18 16 4 13 0 13 10 12 13 4 5 10 7 13 10 
19 0 15 5 17 17 3 15 14 15 5 15 12 11 17 4 0 7 12 16 
16 15 3 9 0 3 4 13 7 4 8 11 17 11 7 0 5 8 5 11 
0 8 0 5 2 4 12 13 8 10 4 18 9 14 17 12 2 2 4 12 
2 19 10 16 8 12 9 0 0 3 7 19 3 10 17 13 0 11 2 1 
10 1 11 6 11 17 13 12 11 19 0 16 7 14 3 14 10 0 2 16 
2 1 6 17 10 11 4 8 18 10 0 2 4 10 15 10 11 11 5 15 
5 3 2 17 6 4 5 8 14 3 1 7 17 5 0 3 8 12 8 7 
7 17 7 4 0 1 12 19 6 15 3 2 12 2 17 19 13 8 7 10 
