15 true
13 11 2 16 12 19 7 10 7 8 2 16 18 11 9 
5 17 2 10 6 5 8 1 1 9 6 8 3 3 15 
3 14 8 2 12 5 15 16 19 3 2 0 0 8 7 
15 15 3 14 4 18 3 11 1 2 8 5 2 1 9 
4 15 2 2 10 6 14 19 8 13 19 18 8 10 16 
7 1 2 13 9 2 1 5 1 4 18 12 5 8 13 
10 16 5 9 12 3 14 17 5 0 19 0 0 11 0 
3 13 15 19 15 18 5 17 5 9 8 13 6 3 15 
17 5 9 8 3 14 4 4 14 0 5 2 8 15 0 
19 9 3 13 13 3 13 9 15 6 0 17 11 11 17 
13 19 6 3 10 1 18 1 13 12 18 3 5 7 4 
2 15 18 9 17 6 10 7 18 3 3 19 18 6 1 
1 13 12 1 7 19 2 17 15 10 18 5 17 2 16 
6 15 12 10 1 8 18 19 12 18 7 6 7 5 18 
19 0 19 10 15 3 16 7 19 11 13 17 8 11 3 
