25 true
5 2 1 13 4 1 4 17 1 2 14 16 13 15 12 1 16 16 15 11 19 19 16 3 19 
14 3 17 13 12 16 12 7 3 6 1 5 18 11 6 12 19 11 11 18 4 4 18 15 0 
0 5 1 5 17 2 3 18 11 3 9 3 11 7 10 14 19 9 6 9 11 2 16 8 11 
14 0 4 17 9 18 6 12 19 18 6 10 7 18 15 8 1 19 13 10 7 5 3 17 8 
5 9 9 2 1 7 1 14 0 2 15 16 19 0 9 6 0 2 16 4 11 18 14 17 12 
2 8 8 0 15 2 19 1 8 1 8 16 11 13 17 11 10 5 3 2 2 2 13 0 14 
5 10 13 12 19 4 9 1 12 1 14 16 18 3 0 2 5 15 16 14 0 7 5 4 5 
16 2 16 11 16 9 19 5 1 18 12 5 16 19 14 6 5 19 19 2 7 13 10 2 5 
10 15 11 4 13 14 12 5 14 14 15 12 1 6 0 19 9 17 6 3 12 11 7 1 13 
6 4 15 17 19 17 17 12 18 0 16 17 2 15 18 0 16 12 16 8 2 16 12 8 13 
7 9 7 8 14 0 6 9 5 2 9 15 12 13 3 15 12 1 16 10 7 15 7 5 12 
10 7 12 5 15 18 19 6 6 10 14 7 14 15 14 4 2 10 4 7 18 10 8 11 7 
3 10 8 5 7 10 10 12 12 4 12 2 5 4 2 9 14 15 14 1 12 19 9 14 6 
6 1 15 18 0 8 1 1 9 0 7 18 14 14 16 18 10 7 2 6 17 0 12 3 14 
0 4 3 10 1 7 7 5 17 4 12 10 14 8 8 2 13 10 12 14 0 6 18 15 14 
9 8 13 5 9 4 8 7 4 8 8 0 1 13 12 10 12 12 18 17 4 7 5 14 9 
11 5 14 17 19 10 0 0 10 4 1 6 4 6 13 16 5 4 2 5 15 0 4 4 4 
19 14 6 6 8 13 16 0 10 16 14 19 15 19 8 2 7 16 9 5 7 8 0 13 18 
0 15 16 19 6 1 3 2 4 17 4 13 7 12 4 19 3 18 17 3 17 5 0 5 10 
11 4 7 11 19 12 1 13 8 19 0 6 6 18 13 19 11 2 14 14 5 13 1 12 4 
16 11 15 11 18 12 11 9 4 17 4 6 19 15 15 5 17 19 16 5 1 7 12 17 13 
4 0 12 15 19 18 10 5 19 16 18 3 17 15 2 9 5 3 7 1 12 16 2 0 2 
6 2 13 13 17 14 17 0 11 2 6 17 11 7 9 18 11 13 1 7 12 14 8 15 3 
18 17 9 15 7 15 19 0 18 5 19 2 8 19 11 16 14 7 3 6 3 10 6 19 8 
4 8 12 19 3 1 13 1 15 3 18 10 17 5 13 8 8 14 0 3 14 12 12 6 16 
