20 true
12 14 16 7 17 19 19 2 8 12 14 12 4 17 5 6 12 7 14 8 
7 11 14 5 16 9 17 4 15 19 5 4 10 6 14 0 6 15 8 2 
16 8 8 6 16 6 2 9 11 8 4 2 9 19 10 10 4 1 1 11 
3 13 18 5 8 12 16 3 13 3 7 5 10 4 8 4 9 4 16 10 
11 18 2 9 15 9 9 19 4 14 7 10 1 5 6 17 6 7 11 9 
14 3 15 2 7 2 18 19 4 9 19 19 18 4 6 11 3 4 2 14 
17 19 10 18 4 11 9 4 15 7 17 8 10 2 1 1 7 1 5 1 
19 19 11 9 2 4 1 7 5 18 18 8 17 18 14 2 19 5 16 15 
17 6 12 8 14 3 12 14 11 10 7 17 19 7 3 11 16 13 0 6 
3 15 15 17 4 10 0 16 12 11 17 1 15 10 1 0 19 0 10 3 
17 2 5 15 17 11 15 2 15 2 17 8 10 2 3 6 4 5 0 18 
14 14 19 19 10 7 10 3 15 4 8 2 7 15 8 11 8 15 4 15 
2 5 1 16 0 15 8 2 11 12 8 0 15 7 19 16 13 5 3 0 
14 9 14 13 12 1 19 13 6 3 12 3 16 4 1 9 7 13 3 6 
3 0 8 4 11 0 8 1 17 4 19 10 17 19 1 10 15 4 14 8 
8 14 2 1 9 17 12 13 18 10 2 4 13 13 12 11 6 13 5 9 
0 16 15 8 19 7 17 17 14 1 15 18 3 1 17 19 6 19 17 0 
2 8 5 17 15 13 11 18 19 4 0 7 4 4 15 6 1 5 10 16 
1 15 2 4 5 3 16 9 8 16 8 0 17 18 13 10 17 19 18 2 
5 7 9 18 4 9 14 9 18 19 16 8 12 1 18 15 4 4 17 8 
