25 true
14 12 1 2 16 16 18 1 10 5 13 3 2 2 7 5 9 13 6 17 15 2 8 5 6 
19 12 4 17 0 3 1 3 16 18 14 19 6 5 6 11 15 11 16 8 0 0 0 4 8 
0 11 7 19 12 7 10 1 16 11 14 17 2 3 14 8 0 12 3 10 0 12 1 12 9 
16 10 1 19 5 6 17 2 2 3 8 12 7 9 6 11 4 12 18 8 13 16 15 13 17 
4 13 6 18 18 2 18 1 0 1 11 15 19 19 1 4 1 16 14 9 11 13 14 19 14 
4 7 17 5 6 6 9 14 11 15 15 6 16 15 14 8 15 11 9 13 15 18 9 13 17 
19 9 4 7 19 1 7 0 18 15 1 5 1 10 2 10 9 2 12 5 3 6 1 14 19 
5 12 17 9 11 5 6 6 2 2 18 15 13 9 13 13 2 10 0 12 15 0 6 5 5 
6 7 16 3 9 10 1 0 0 1 11 4 15 10 6 18 10 10 4 2 15 14 19 18 15 
11 16 1 8 12 2 4 18 9 9 7 13 13 12 10 11 9 6 6 13 13 16 14 11 11 
12 14 0 4 10 14 3 1 2 19 12 8 2 2 1 16 16 16 12 0 1 17 14 2 6 
10 10 16 18 19 13 12 7 16 0 11 0 19 17 16 7 10 5 12 13 14 7 13 10 6 
6 17 6 6 12 9 16 1 4 8 15 11 11 11 3 11 15 15 17 9 1 13 16 0 14 
10 4 9 1 9 1 3 0 2 9 8 5 4 11 10 8 14 17 13 9 13 19 9 6 16 
18 8 16 17 1 10 5 0 2 3 2 19 2 19 8 19 18 1 8 1 4 3 5 11 10 
16 10 13 8 7 2 2 19 12 17 8 18 18 12 7 8 4 6 17 6 7 7 16 6 5 
18 3 5 11 0 8 16 7 15 19 8 19 5 6 18 5 3 18 0 11 5 10 7 1 14 
14 6 5 9 4 19 6 14 12 16 18 17 0 0 4 6 17 13 0 0 13 17 17 5 9 
8 1 2 9 6 9 7 5 19 11 13 12 11 13 6 0 8 17 14 11 7 2 18 15 11 
4 18 9 0 14 9 15 18 18 12 9 16 13 13 13 14 12 3 7 0 1 8 17 19 18 
0 15 1 9 10 1 0 6 7 5 14 6 12 16 2 8 16 11 8 19 2 7 3 9 0 
9 4 12 10 6 18 9 6 16 18 17 13 8 7 1 4 15 7 8 0 18 13 17 16 1 
16 19 0 5 16 13 12 15 4 7 7 15 17 2 17 9 15 14 15 3 3 15 5 7 18 
13 18 1 10 5 4 11 6 1 12 2 17 6 8 0 9 9 13 1 18 11 14 17 6 4 
16 2 13 18 18 3 12 9 0 2 19 1 8 12 12 6 12 1 5 16 1 9 9 19 0 
