25 true
4 11 18 8 14 11 14 3 11 18 19 5 14 18 0 13 19 6 4 11 17 0 9 1 12 
16 5 13 18 4 6 13 10 14 15 15 3 1 8 7 0 19 14 11 11 0 11 7 18 10 
19 0 1 5 2 11 1 0 10 7 3 8 2 17 18 17 2 6 0 3 19 6 11 12 6 
5 1 4 9 6 17 4 16 16 11 19 15 4 16 9 15 18 3 6 6 4 19 13 13 11 
1 3 14 13 13 4 7 15 7 3 14 10 17 8 11 7 0 0 13 6 11 5 0 2 12 
11 17 9 9 19 1 14 13 4 8 8 3 13 1 17 13 15 6 0 15 15 13 4 2 15 
19 0 17 15 8 12 12 2 3 19 2 0 15 4 17 11 11 8 19 14 10 5 6 4 3 
13 1 19 5 15 6 6 11 7 1 6 6 15 15 11 4 15 6 2 6 10 10 18 17 0 
2 4 8 10 2 8 5 2 13 7 16 6 11 1 1 5 9 19 16 9 3 10 16 9 3 
7 1 18 14 13 3 10 11 12 12 10 10 3 17 14 13 15 18 16 0 13 19 10 7 0 
1 7 19 16 16 4 2 14 3 13 4 11 7 8 14 17 4 15 16 10 5 4 19 7 10 
18 15 7 17 8 3 8 17 8 8 19 6 11 3 13 16 13 2 4 9 13 7 9 5 1 
3 3 0 2 4 14 7 10 13 10 2 7 6 2 4 12 1 9 8 11 0 15 12 4 5 
12 10 8 1 1 7 7 19 12 9 8 17 11 1 0 2 15 9 7 19 0 9 19 16 12 
1 15 19 14 10 14 16 11 12 3 14 19 16 14 1 10 15 5 18 17 4 17 18 6 4 
3 12 3 13 11 19 11 17 5 11 19 13 4 5 2 4 15 19 16 10 9 0 8 16 13 
9 19 1 12 6 19 6 12 6 2 17 3 5 8 8 5 17 3 0 5 5 2 15 15 3 
1 1 16 5 16 11 12 3 8 17 17 19 2 15 0 11 1 1 5 9 18 8 1 7 10 
12 1 0 10 5 6 8 18 19 14 8 18 8 13 6 18 3 1 0 14 1 1 3 3 0 
1 13 8 19 19 3 6 11 13 17 10 4 12 18 19 18 1 3 1 6 0 10 5 10 12 
19 7 7 15 12 19 18 16 16 5 14 14 19 8 4 14 4 10 9 12 17 12 7 14 8 
0 16 10 0 1 12 17 18 0 6 7 3 14 3 6 4 13 19 11 4 9 9 7 15 4 
2 5 16 9 19 13 0 18 3 6 18 16 5 4 8 17 16 2 1 5 2 14 5 2 4 
8 3 3 10 13 12 14 12 9 19 0 4 6 5 16 16 18 15 7 4 17 8 12 16 15 
9 12 11 4 10 5 9 8 18 11 15 6 14 3 17 7 17 2 9 5 17 14 9 2 9 
