20 true
11 12 12 12 2 11 10 6 8 10 17 14 16 12 0 2 7 2 1 0 
2 9 8 7 8 1 8 0 14 4 4 4 14 12 6 3 13 18 1 6 
16 15 0 16 4 4 10 6 4 1 4 19 6 0 18 4 6 4 19 2 
11 8 7 14 11 16 15 0 3 14 15 11 1 10 17 10 10 14 5 17 
16 1 17 12 16 16 13 14 10 10 14 17 10 10 15 18 11 15 0 5 
4 1 4 9 10 7 6 12 9 16 10 7 0 11 8 12 17 16 2 1 
4 8 0 4 4 16 5 18 4 4 2 5 9 0 10 3 17 16 14 15 
15 13 11 18 17 13 10 7 14 12 9 1 6 18 14 15 12 0 18 1 
17 2 4 19 4 9 4 15 1 8 15 8 16 5 19 4 14 8 7 12 
14 12 10 17 1 0 1 14 16 7 7 16 9 9 19 1 17 2 17 3 
19 11 5 1 0 9 9 2 16 4 14 19 5 10 3 10 2 12 7 2 
2 16 6 10 4 9 0 16 12 11 13 4 7 0 9 6 3 9 5 2 
18 16 19 19 5 8 4 5 4 1 6 18 4 16 5 7 16 9 13 1 
3 7 13 3 3 10 15 15 5 8 0 10 1 4 19 9 0 3 8 9 
6 6 0 14 6 3 12 4 1 3 5 4 10 5 8 14 17 3 0 8 
14 19 0 16 9 7 18 1 10 14 6 3 1 15 19 12 8 0 17 16 
0 8 1 18 18 19 4 7 7 6 12 9 10 11 11 10 2 17 19 5 
9 12 12 18 16 9 8 12 0 1 4 9 12 15 19 18 2 9 11 16 
1 15 18 13 13 3 10 8 3 16 17 6 9 3 0 17 19 8 0 7 
17 1 3 1 12 19 17 15 5 13 10 12 15 17 4 19 2 19 17 15 
