25 true
0 11 0 16 5 1 16 5 10 7 16 12 9 18 13 13 9 3 14 3 12 7 10 16 13 
12 11 16 5 8 17 11 4 1 15 4 16 10 8 7 16 16 1 18 18 1 9 6 9 0 
2 17 4 9 14 8 13 12 5 17 16 8 10 17 4 6 16 2 10 7 18 10 1 11 1 
4 10 14 13 4 17 7 18 16 4 8 11 1 17 15 16 2 1 11 7 7 18 9 13 19 
16 9 4 0 15 11 5 18 5 8 8 7 7 16 4 12 4 15 15 18 17 16 7 4 19 
2 3 13 3 17 19 6 6 16 3 18 8 1 3 17 18 9 9 17 18 0 1 18 6 9 
1 16 3 14 6 15 13 7 1 9 15 3 1 6 13 16 10 18 7 18 19 2 1 19 11 
0 13 19 3 4 5 13 10 15 14 6 13 7 2 19 18 10 6 0 3 2 11 2 15 19 
14 11 18 0 6 14 3 10 12 13 2 6 17 8 18 12 0 1 1 8 3 6 10 16 7 
0 6 18 17 0 16 7 10 13 1 15 12 16 14 2 6 18 5 16 12 3 13 8 10 17 
12 18 19 14 9 19 7 16 18 2 18 6 4 13 9 10 14 3 5 10 13 2 3 6 2 
6 16 0 7 17 3 10 7 11 12 17 8 12 0 11 0 15 18 15 16 9 5 18 7 1 
10 15 6 4 10 19 5 16 1 1 12 9 13 10 2 4 16 4 9 1 4 3 1 19 9 
11 13 6 12 15 6 19 7 17 12 2 5 10 5 6 12 9 16 9 2 12 3 12 14 12 
0 10 4 9 1 0 13 10 11 13 2 6 9 17 14 16 5 0 18 5 18 16 15 1 8 
8 17 12 12 6 2 10 19 6 17 8 1 4 15 14 14 2 0 9 1 9 0 1 11 16 
12 11 14 8 4 11 7 4 15 11 8 15 15 7 18 11 6 18 6 11 16 3 19 3 17 
9 12 17 17 16 4 15 13 3 4 14 19 0 0 1 5 15 12 5 5 18 19 8 2 19 
9 5 1 9 10 10 2 19 14 14 7 13 0 8 15 4 13 0 2 5 6 16 3 10 19 
10 8 11 13 0 14 15 7 10 11 5 2 5 7 8 17 3 18 16 7 7 0 1 12 17 
7 1 19 17 1 7 12 6 16 17 3 11 14 9 8 12 14 7 2 19 7 0 12 3 0 
0 12 5 18 10 11 9 3 4 18 9 5 19 9 2 10 13 2 17 14 3 12 12 9 11 
1 2 2 8 7 10 11 8 19 15 16 14 16 0 14 15 15 7 10 3 17 0 14 9 13 
2 10 6 17 15 9 8 1 9 1 5 18 0 12 6 13 9 4 4 3 19 11 5 12 8 
12 4 9 19 6 4 13 8 18 3 19 17 9 2 18 13 15 6 19 2 14 15 1 14 11 
