25 true
8 12 8 8 19 6 8 18 7 17 18 7 4 4 2 2 7 2 17 13 8 7 2 18 17 
2 9 13 4 2 7 3 16 2 8 16 9 8 4 5 0 13 7 1 12 4 4 8 6 14 
3 19 9 14 2 18 13 16 7 7 10 7 10 2 10 16 5 1 17 0 17 0 17 13 13 
10 8 0 3 7 9 11 13 7 5 8 0 9 15 0 7 4 12 6 6 4 15 8 16 8 
2 14 9 2 17 16 6 3 18 5 19 16 9 6 17 4 5 2 8 7 10 11 11 4 3 
3 16 19 6 15 7 4 12 10 2 18 0 10 15 8 11 8 13 3 11 8 6 10 10 11 
11 4 1 13 17 17 6 4 8 1 14 18 15 12 8 1 17 9 14 7 4 14 10 0 8 
8 10 8 15 6 5 0 0 0 15 12 14 0 11 5 16 15 5 8 16 16 16 9 16 15 
17 5 14 5 8 17 2 13 5 12 5 9 11 11 14 12 11 4 4 1 2 10 4 3 14 
14 2 9 19 3 7 10 7 8 10 5 1 17 15 5 0 7 4 18 7 10 0 10 11 15 
3 2 0 13 1 18 16 6 11 13 8 1 14 13 1 5 17 11 13 2 4 13 18 9 12 
2 8 15 11 5 13 11 19 13 8 1 2 15 9 14 10 4 16 0 14 5 15 17 5 16 
13 3 8 12 8 9 10 10 10 4 12 13 16 4 7 12 18 7 10 19 1 6 5 12 16 
11 12 14 2 11 16 10 9 18 0 7 3 2 5 4 0 15 5 17 7 6 6 0 7 15 
5 12 0 0 14 15 14 14 12 5 17 0 13 2 16 19 0 19 13 8 10 17 3 0 16 
1 9 13 14 3 14 18 1 6 3 0 10 17 11 17 18 18 0 5 2 7 13 19 2 6 
4 8 0 3 13 16 0 10 7 9 18 13 9 10 9 0 8 17 7 8 2 19 19 13 17 
4 13 6 13 13 0 19 8 6 7 7 11 1 11 0 7 16 14 15 14 16 13 17 10 19 
18 14 10 13 18 12 6 18 7 2 16 4 0 17 19 17 8 19 14 8 14 16 15 18 8 
8 11 14 15 6 8 4 2 7 8 13 4 1 10 5 19 12 12 11 13 16 0 1 14 10 
7 17 2 6 12 13 16 7 1 11 0 13 5 14 4 11 3 9 2 5 12 11 19 17 9 
6 2 5 16 3 12 3 0 2 2 8 5 12 1 18 14 19 4 15 0 1 15 15 16 6 
1 19 4 6 16 5 5 15 8 10 16 4 0 7 6 19 12 4 9 16 15 0 9 15 0 
11 15 18 19 9 10 15 3 4 2 17 13 13 7 6 17 3 6 6 15 13 2 4 10 13 
8 6 10 2 10 12 17 3 2 5 11 15 10 15 6 16 3 18 17 17 18 10 8 12 8 
