25 true
3 17 14 8 13 8 8 0 0 12 15 9 3 15 11 1 2 8 10 15 3 5 7 9 14 
19 15 18 8 19 10 11 19 19 19 4 11 3 9 1 12 18 11 4 17 6 2 6 2 19 
18 5 14 1 13 15 6 7 14 0 11 0 17 2 5 15 12 4 7 3 0 12 13 5 4 
13 11 1 0 5 8 15 16 16 11 2 15 18 18 16 9 19 13 3 0 3 17 18 4 10 
8 15 14 0 19 1 7 13 18 13 6 14 15 2 1 8 11 0 0 5 13 15 2 19 16 
10 11 9 3 12 16 14 2 7 3 2 18 18 17 3 1 17 3 14 0 18 12 4 15 6 
1 7 13 6 0 5 3 9 16 9 8 14 14 2 4 6 12 11 15 2 18 0 18 19 18 
13 3 14 5 17 18 15 6 5 4 9 1 15 2 16 11 12 16 6 10 13 10 9 11 11 
9 0 8 14 16 18 16 18 18 14 1 0 2 2 2 12 0 12 15 5 10 19 8 10 3 
15 1 10 12 5 17 1 1 10 6 5 14 4 4 8 13 2 12 19 15 16 14 8 18 6 
13 17 6 13 3 19 19 8 6 19 7 18 11 9 8 8 6 17 13 15 14 19 12 4 18 
4 15 4 8 18 12 13 18 1 13 10 7 16 1 8 14 7 0 13 1 10 19 18 4 13 
0 2 15 14 6 12 10 1 18 10 5 5 17 5 7 16 10 2 5 4 11 4 11 7 5 
4 9 14 2 9 3 3 15 8 18 12 7 16 6 3 15 9 3 8 8 4 17 18 12 17 
0 2 7 6 5 12 3 12 13 13 15 5 1 11 6 5 1 13 11 5 18 11 2 4 14 
15 16 11 10 16 0 9 16 14 8 17 16 7 16 6 3 2 2 14 19 13 17 7 1 3 
19 15 15 15 0 17 7 17 1 8 10 3 8 10 8 11 18 12 2 14 4 2 9 3 19 
7 17 18 8 6 4 4 1 16 19 5 1 3 1 10 12 2 2 16 3 6 4 19 0 18 
1 10 4 5 12 13 16 0 11 4 14 5 19 16 6 19 7 6 12 13 7 5 18 15 8 
14 14 11 17 8 12 15 14 13 16 12 8 6 14 3 16 13 17 7 15 17 8 16 2 0 
13 15 19 8 17 8 10 2 8 18 13 11 6 7 1 10 11 11 18 7 9 6 1 3 14 
0 1 11 15 19 17 9 7 15 6 10 1 1 7 18 9 1 6 17 2 15 9 7 16 15 
14 15 3 1 4 11 4 4 9 15 9 9 19 19 14 6 17 8 13 13 10 6 14 7 4 
14 1 8 2 12 17 2 16 3 6 16 10 8 6 6 13 18 13 0 14 8 10 10 8 12 
5 16 13 13 2 10 6 18 5 9 2 17 14 3 19 4 19 4 17 14 1 0 5 9 6 
