15 true
9 5 13 19 10 8 13 13 15 9 17 2 18 17 4 
8 8 5 4 16 0 7 2 14 2 19 2 8 17 3 
15 7 19 16 19 10 19 7 11 12 19 4 17 3 0 
19 3 2 1 19 3 0 8 1 0 3 13 6 3 15 
17 10 0 8 14 14 13 7 3 7 15 17 4 8 19 
14 2 3 11 2 4 12 2 2 5 18 1 15 10 14 
9 2 16 9 6 17 9 1 1 10 12 19 5 0 13 
11 17 10 7 17 13 16 5 4 1 6 10 15 9 5 
4 18 15 17 5 4 17 19 9 17 8 3 7 10 18 
16 12 4 11 3 9 19 7 6 18 5 13 9 7 11 
6 3 9 0 12 8 3 19 0 15 12 3 0 3 18 
12 14 3 2 14 14 3 5 1 18 18 3 15 4 12 
6 10 12 9 19 16 2 6 5 17 10 11 4 1 7 
2 0 8 6 14 12 19 1 4 9 11 12 3 10 14 
18 17 15 7 15 7 1 15 14 18 16 8 7 13 3 
