20 true
10 6 0 2 14 14 15 12 17 3 13 8 13 18 19 8 15 4 19 1 
16 12 10 8 9 14 3 14 14 3 0 17 18 19 2 1 0 19 12 15 
0 15 8 10 3 7 7 7 12 12 8 13 9 8 2 2 0 7 19 9 
17 17 6 0 15 18 0 15 0 8 3 1 5 16 14 9 1 3 11 7 
5 16 6 15 14 2 15 15 14 12 14 7 7 12 11 12 17 6 17 8 
17 4 12 9 2 9 18 4 7 7 9 18 14 16 12 14 19 0 15 14 
2 11 9 2 11 18 13 2 11 9 0 7 15 11 3 15 2 16 15 17 
16 19 15 10 12 19 17 3 3 12 9 1 16 17 2 14 17 6 14 8 
1 2 17 16 4 19 18 5 5 18 16 2 2 16 9 17 19 16 17 11 
3 8 2 13 8 3 19 16 15 0 2 7 5 4 7 4 13 8 12 14 
2 10 12 11 19 15 18 15 12 17 11 9 1 10 14 17 8 18 5 8 
19 0 9 7 13 5 2 3 16 10 0 16 12 10 14 11 19 16 3 9 
1 6 13 16 6 5 9 12 7 5 8 9 11 15 15 19 11 8 19 7 
8 9 18 12 17 18 19 5 2 1 16 2 1 16 6 7 15 14 5 19 
6 17 15 14 1 4 19 7 16 3 12 13 8 0 14 16 2 2 6 12 
5 2 4 19 7 15 8 11 9 4 13 12 7 2 0 5 18 10 0 8 
17 5 6 12 2 18 14 1 8 16 1 2 10 15 17 15 16 8 13 4 
2 3 12 0 4 3 15 8 2 1 4 6 18 6 2 18 13 3 3 19 
7 5 1 2 11 3 8 17 18 3 1 16 15 18 14 12 11 11 17 17 
16 14 16 13 6 16 10 10 2 0 16 17 4 17 3 12 14 15 12 9 
