15 true
15 7 2 13 12 16 7 15 4 19 15 2 0 13 15 
12 7 16 10 8 0 15 14 13 3 13 4 7 5 16 
9 11 14 9 19 1 8 1 19 1 16 13 18 19 11 
19 3 5 13 11 6 12 5 3 6 15 9 12 6 14 
9 13 7 0 14 16 2 18 9 11 0 5 9 16 11 
11 8 18 16 17 17 19 9 16 8 18 4 15 4 18 
10 4 4 2 6 12 4 5 17 15 12 2 1 15 7 
18 1 18 10 18 8 9 0 16 14 10 9 12 15 0 
1 16 18 17 14 1 11 5 3 19 2 16 1 1 2 
9 8 16 3 7 10 4 10 13 15 14 5 1 18 6 
7 1 13 17 18 8 9 19 3 2 12 9 5 4 0 
17 10 16 12 7 2 18 17 12 7 7 15 0 3 2 
15 16 5 1 12 10 14 15 2 11 13 8 12 5 14 
14 11 13 10 7 6 1 2 13 6 8 13 3 17 8 
11 15 15 12 9 16 6 13 2 15 2 13 10 14 11 
