20 true
4 2 5 0 6 6 1 6 7 0 12 3 12 17 11 16 8 7 11 18 
7 17 2 14 6 14 2 9 2 18 2 12 13 11 10 17 5 11 2 9 
12 17 17 19 2 10 14 15 3 18 13 11 4 18 14 11 9 5 17 17 
4 0 17 7 2 10 4 11 17 16 10 1 9 1 19 6 14 19 12 5 
13 12 14 5 11 10 8 11 5 11 12 9 8 16 3 18 11 0 7 11 
7 2 14 0 19 10 19 10 7 2 13 2 19 3 17 14 9 9 2 1 
8 9 11 17 16 2 7 10 4 0 12 17 13 2 9 10 15 14 3 1 
3 18 10 0 15 12 11 10 10 19 8 14 12 3 18 2 8 5 14 15 
4 12 12 5 15 6 9 4 14 19 4 1 15 3 9 3 6 16 16 7 
13 1 9 14 14 19 5 7 16 10 5 8 3 1 12 14 0 2 10 15 
14 4 19 17 14 4 4 4 12 9 4 9 16 0 12 12 5 19 18 9 
12 7 15 1 15 7 9 16 9 9 4 7 15 4 1 15 19 4 14 17 
8 3 16 9 17 6 8 6 0 13 10 17 6 4 2 9 12 17 10 3 
1 9 5 3 13 10 12 4 11 13 18 11 19 1 19 15 18 15 6 17 
16 7 6 13 6 14 12 1 3 3 15 9 6 7 13 15 15 18 15 0 
6 5 14 17 16 9 1 5 15 0 18 12 7 3 0 14 7 19 17 17 
18 1 1 9 9 16 15 18 6 17 9 4 16 5 3 3 12 8 18 2 
2 0 10 10 6 15 18 16 14 18 10 6 15 18 2 1 12 2 0 10 
13 6 19 4 1 1 15 9 5 16 14 16 15 6 14 13 6 19 13 0 
16 19 19 12 5 13 5 12 1 15 5 15 1 17 5 0 2 9 2 6 
