15 true
8 8 4 13 13 19 6 16 14 13 18 15 11 15 14 
1 17 7 17 8 17 19 7 16 5 2 15 4 5 4 
16 7 4 9 10 2 1 1 3 14 17 1 12 12 18 
12 3 5 2 17 13 12 1 11 9 1 8 19 4 14 
18 11 14 19 14 3 19 4 6 17 5 4 1 2 3 
2 0 10 14 17 11 7 9 4 18 7 5 15 12 6 
4 18 15 5 19 3 6 13 4 15 1 2 16 13 11 
3 1 2 9 11 4 0 8 5 19 5 19 6 17 15 
3 13 19 18 15 2 16 10 14 15 10 2 19 12 9 
6 15 5 10 10 14 8 1 13 1 13 5 7 17 11 
17 13 17 5 3 10 17 7 9 16 1 15 5 11 19 
0 4 14 12 4 4 16 1 9 6 16 19 4 11 18 
12 0 4 18 18 10 8 5 13 15 8 14 2 10 14 
3 18 1 16 9 10 5 17 19 12 2 16 5 19 16 
10 15 2 8 14 14 11 9 5 19 4 0 14 5 14 
