15 true
16 5 14 15 6 7 10 3 14 18 15 18 17 6 8 
19 15 17 17 11 3 13 6 7 2 16 5 16 6 13 
15 9 14 4 19 13 8 16 14 11 16 17 0 10 14 
11 3 7 1 2 0 19 2 6 1 9 7 5 5 0 
17 5 18 12 9 18 18 9 10 1 11 19 13 0 3 
6 8 3 0 13 18 5 0 10 10 8 13 15 12 19 
5 9 16 14 4 15 4 3 13 3 2 2 3 15 6 
15 12 6 11 12 11 10 6 13 13 9 18 0 2 7 
8 8 14 16 4 13 7 7 9 13 9 0 6 7 8 
0 5 2 1 19 1 4 0 19 12 19 0 5 19 9 
0 5 8 8 1 0 1 11 4 14 6 6 1 6 9 
4 9 12 18 5 17 9 9 10 3 2 14 5 1 2 
1 13 7 17 9 4 18 17 18 3 8 7 15 3 17 
13 10 19 2 8 11 17 10 6 0 17 19 17 16 5 
12 3 6 3 4 8 15 13 1 17 19 16 1 9 15 
