20 true
8 9 8 1 5 17 11 11 8 15 6 15 7 4 7 2 8 16 7 16 
9 4 16 5 12 15 12 15 7 9 9 5 3 3 12 13 12 12 11 9 
7 16 1 11 4 19 1 10 4 12 12 4 7 14 13 13 1 9 1 5 
15 3 4 10 13 12 18 14 1 13 4 19 4 10 15 0 5 9 1 18 
3 16 4 11 1 15 10 1 18 17 3 2 11 17 16 4 18 13 5 4 
8 1 3 14 19 18 12 2 2 11 2 19 13 17 8 19 10 19 7 5 
19 18 7 10 0 17 5 2 11 19 3 15 11 5 16 4 8 10 18 17 
12 4 8 7 19 6 15 5 6 16 2 17 7 9 16 14 0 17 17 7 
16 5 0 8 1 7 12 12 10 0 1 1 2 5 1 12 14 7 7 14 
14 14 3 6 2 13 1 12 10 0 3 12 4 2 2 13 18 17 0 9 
7 14 10 19 7 1 6 1 14 16 1 1 18 18 10 11 16 17 5 10 
12 14 6 4 4 5 3 10 16 13 18 1 13 7 14 0 13 4 12 1 
4 14 3 12 15 3 12 3 0 4 1 12 1 12 18 18 13 3 2 11 
7 10 9 8 2 5 3 19 2 17 19 19 18 10 2 11 1 11 16 13 
14 1 15 13 6 18 11 2 7 13 0 10 8 18 17 0 10 6 11 7 
10 7 17 4 16 13 8 9 7 17 16 17 2 3 18 16 9 12 0 3 
9 7 15 15 18 4 19 11 10 9 16 11 19 18 5 3 12 2 19 3 
11 14 9 7 3 5 15 3 1 2 5 17 6 15 7 19 6 14 12 3 
18 6 17 3 9 16 18 4 5 7 14 9 14 8 11 15 4 11 1 18 
11 5 12 16 6 16 0 10 3 8 8 18 0 3 11 14 10 5 3 15 
