20 true
18 12 11 7 12 6 12 6 3 18 1 1 14 0 0 13 18 11 10 12 
12 1 9 13 10 1 9 5 15 5 1 2 2 10 18 5 11 0 2 18 
10 0 4 15 4 7 9 3 15 10 5 0 17 6 5 10 19 10 13 0 
17 19 14 1 11 12 9 8 17 11 1 0 2 10 18 3 16 3 9 17 
11 17 5 12 9 2 2 10 4 18 7 18 6 6 7 7 13 11 7 17 
9 6 3 8 1 13 8 9 0 8 12 9 5 12 13 0 5 12 10 6 
13 16 2 19 16 18 4 18 7 17 16 6 5 11 5 15 12 1 4 2 
6 13 10 5 5 1 12 4 13 8 3 8 2 0 18 15 5 19 16 3 
8 12 17 7 13 16 1 1 10 11 9 5 13 5 0 18 11 5 14 6 
15 12 13 18 12 9 7 19 14 8 12 6 3 8 6 1 15 18 9 13 
3 14 8 17 17 7 14 10 11 3 19 13 11 15 3 8 17 3 5 11 
5 13 0 18 3 19 12 3 2 12 13 4 9 17 0 3 11 19 0 3 
11 4 0 1 6 16 8 11 19 8 2 17 17 17 6 7 4 1 9 11 
10 13 3 17 12 13 19 11 7 2 11 9 4 11 13 7 5 8 17 18 
13 2 4 1 12 13 10 9 17 8 13 12 2 10 4 5 9 8 11 0 
16 5 8 9 19 12 7 16 11 10 9 19 4 9 10 9 19 19 12 9 
14 9 17 9 11 10 11 0 2 10 4 12 13 17 5 0 1 6 2 3 
8 3 13 14 13 4 4 3 5 19 14 13 7 19 2 3 19 10 3 3 
17 18 3 3 16 17 16 12 4 17 1 18 1 1 1 19 14 16 19 14 
5 11 16 13 8 5 12 5 8 0 5 19 2 19 17 1 2 19 16 19 
