15 true
15 16 2 18 0 17 13 18 10 5 1 5 19 10 0 
2 1 19 12 6 19 4 10 11 2 8 4 5 15 8 
19 14 1 6 8 8 10 18 3 2 6 19 3 17 9 
16 7 10 8 15 13 11 3 18 0 6 10 16 6 16 
2 12 10 0 14 14 5 11 9 15 9 6 0 11 17 
4 7 19 10 13 9 2 0 15 17 3 17 18 5 0 
19 4 15 13 1 4 15 10 13 4 1 1 16 13 15 
17 19 11 17 17 19 14 13 18 13 13 4 3 7 19 
16 14 16 4 11 1 3 1 6 4 17 16 18 2 1 
2 0 5 5 15 7 0 11 14 8 19 14 15 14 10 
5 3 18 7 10 8 5 9 14 0 18 13 14 16 0 
8 3 3 7 9 7 3 12 9 9 1 1 11 15 1 
6 4 3 3 3 3 6 13 2 11 5 8 9 5 2 
17 4 9 11 16 3 2 3 13 9 13 16 15 7 16 
16 8 18 7 18 0 0 6 1 4 16 10 18 7 2 
