15 true
16 0 11 2 7 10 10 12 5 18 7 16 15 19 11 
1 19 18 8 14 15 10 3 10 17 10 12 18 2 10 
17 19 9 5 14 5 1 15 14 8 16 16 1 16 6 
17 0 5 11 9 11 15 15 15 5 11 17 13 16 7 
6 3 13 13 0 4 5 18 3 14 18 12 16 0 7 
12 13 15 3 15 8 7 7 17 7 5 15 1 1 10 
16 8 15 14 15 15 7 11 10 8 6 16 12 8 0 
5 17 12 0 1 8 18 7 14 7 4 16 2 2 0 
0 5 17 16 1 15 1 9 1 7 3 4 4 16 1 
13 15 6 16 3 10 18 5 16 15 10 16 14 8 15 
1 8 2 0 12 11 15 9 11 1 5 5 4 11 6 
18 19 16 4 11 11 10 2 0 0 11 2 5 16 4 
11 12 9 16 2 3 18 3 5 1 4 1 15 17 3 
8 10 2 9 3 7 11 13 2 1 11 2 18 15 17 
7 0 8 8 5 5 1 15 11 12 5 6 7 2 4 
