25 true
1 16 0 14 0 16 1 16 18 7 5 16 10 14 10 9 18 19 9 11 0 11 19 1 18 
12 5 8 3 6 8 14 0 15 13 4 0 19 12 0 10 4 3 12 4 14 0 1 16 4 
13 16 13 3 19 11 8 6 7 14 17 2 17 8 5 1 6 3 13 1 19 15 7 7 7 
3 2 18 17 11 5 12 0 8 8 5 16 0 9 15 15 13 14 15 2 7 9 14 16 5 
6 15 15 3 6 15 17 8 15 12 8 7 19 5 18 1 11 13 5 15 17 11 6 16 10 
10 19 17 12 5 6 0 13 1 3 6 10 19 2 6 1 13 0 3 16 19 6 3 2 13 
8 1 7 7 19 10 12 16 16 3 19 3 0 19 19 9 11 6 2 0 0 6 12 14 2 
11 13 10 19 17 1 15 4 18 15 11 16 12 17 11 4 2 2 18 7 5 10 10 12 11 
7 6 1 4 3 17 17 11 16 16 7 17 0 7 5 17 4 5 11 4 9 18 3 7 16 
13 9 16 5 13 13 13 10 7 6 5 19 11 0 13 18 16 15 16 14 19 4 6 18 3 
14 9 16 13 0 15 11 16 4 15 19 3 7 9 3 7 1 8 18 9 7 19 19 6 12 
7 15 7 16 16 4 11 6 18 19 11 10 11 12 18 5 4 15 1 10 10 8 17 12 6 
8 14 15 18 13 18 16 7 2 5 17 4 15 14 8 7 14 19 6 11 10 4 13 14 6 
10 15 1 6 9 3 2 10 4 7 19 4 6 12 14 7 6 2 3 12 3 12 2 12 13 
19 11 2 3 9 15 5 16 2 9 18 3 6 12 2 16 14 2 10 0 11 11 0 0 3 
5 4 19 17 19 5 1 19 0 4 12 4 9 8 10 15 7 19 13 7 10 10 15 18 11 
0 0 4 16 5 14 9 3 10 15 18 5 13 19 4 0 18 13 9 2 2 7 12 4 18 
6 8 5 11 11 9 1 15 16 12 6 9 8 1 8 14 6 17 5 2 10 11 14 17 17 
0 11 0 13 4 8 3 19 2 18 14 8 0 0 7 13 18 4 18 12 5 18 8 5 10 
9 13 16 13 15 15 8 12 8 13 8 7 13 19 9 18 16 11 13 17 13 0 4 10 7 
11 15 12 15 14 1 18 10 17 2 14 1 19 2 16 8 8 2 13 16 13 8 18 9 9 
8 14 8 6 16 16 6 5 3 7 9 6 12 11 11 7 1 9 12 15 10 19 0 16 19 
0 7 17 10 15 8 19 16 3 9 15 13 15 5 9 16 16 16 9 4 4 14 9 2 7 
6 1 1 3 11 9 18 0 4 5 1 2 8 6 0 16 11 7 2 19 3 4 14 19 7 
1 14 18 2 14 4 18 2 16 1 10 19 11 3 6 11 11 17 14 12 2 9 19 14 10 
