25 true
19 4 7 10 19 14 13 4 5 7 12 7 6 15 4 4 19 4 12 8 7 14 1 9 12 
14 14 16 12 15 3 1 4 4 1 3 10 14 12 9 6 16 15 8 1 3 17 10 10 13 
18 17 8 7 15 6 15 9 12 9 3 10 0 8 9 0 4 5 1 9 19 17 5 14 7 
1 15 6 2 7 5 1 2 18 14 18 9 14 6 13 4 16 13 15 10 16 12 14 16 19 
14 5 5 15 14 13 19 15 15 18 16 14 17 12 2 18 16 6 3 2 19 11 13 14 9 
4 0 15 7 9 8 0 10 2 1 9 5 9 2 14 7 6 16 9 5 7 19 7 11 3 
12 18 12 6 0 12 13 7 7 12 13 4 1 18 4 13 14 0 2 2 0 6 15 3 12 
14 7 6 9 7 3 9 10 15 12 10 2 2 16 12 17 11 4 0 18 15 10 8 3 12 
9 15 12 1 2 19 14 19 2 11 13 8 8 5 4 14 10 15 10 18 17 14 12 8 2 
14 5 3 9 19 17 19 4 18 8 4 15 19 15 5 15 11 2 5 10 14 16 5 7 18 
12 16 12 7 16 8 0 8 12 13 0 4 0 4 17 6 13 17 1 12 8 16 7 18 9 
11 19 2 7 1 7 10 7 4 12 18 10 14 3 13 6 7 1 15 17 11 6 2 12 11 
11 15 8 3 14 13 16 10 16 18 16 11 12 8 3 4 7 14 5 12 18 2 5 13 1 
1 7 17 5 4 16 3 8 9 8 4 0 9 19 6 7 0 16 7 1 8 15 0 6 12 
5 11 18 6 12 9 6 15 14 1 0 17 5 14 16 17 14 9 7 12 7 13 7 10 4 
16 15 2 3 0 6 19 17 11 2 9 6 14 12 11 12 0 4 19 17 0 5 14 13 10 
11 9 13 4 8 19 11 8 1 7 10 2 5 6 17 0 2 13 5 13 11 16 19 7 1 
18 9 11 0 9 4 3 1 7 13 11 1 10 13 2 18 15 5 13 18 8 6 7 18 4 
13 11 11 10 0 8 14 1 3 16 13 1 16 15 8 16 10 14 13 2 3 0 4 15 7 
16 7 3 11 5 14 5 7 15 7 4 9 11 8 10 11 7 0 14 7 17 16 17 5 18 
15 2 8 9 19 5 3 12 8 13 16 9 4 19 1 19 13 14 17 12 10 17 15 17 1 
5 17 4 5 13 0 1 5 8 19 5 4 6 14 11 19 5 18 16 5 7 15 9 15 0 
12 5 8 5 11 12 16 8 13 8 2 18 15 17 14 4 10 13 13 19 9 18 3 4 15 
10 17 2 1 3 3 4 19 14 8 15 10 16 9 18 15 0 2 0 6 14 4 13 1 18 
11 4 18 11 16 15 0 14 12 7 17 15 19 4 4 12 2 3 3 6 5 18 13 0 11 
