20 true
7 0 2 12 18 0 18 13 1 4 14 17 15 5 6 16 0 18 19 19 
0 13 2 16 11 10 13 3 17 14 6 19 12 12 10 4 11 17 13 4 
17 14 17 4 10 19 15 7 14 1 19 9 6 3 17 18 12 7 14 19 
1 3 7 11 5 15 16 4 12 1 4 3 13 7 7 3 8 16 4 17 
14 2 7 18 0 15 14 0 10 16 11 0 8 19 19 10 7 1 19 8 
8 15 18 4 0 5 8 5 5 18 14 2 3 1 14 3 6 17 15 14 
1 8 10 0 13 15 19 19 15 3 7 11 3 4 10 12 19 18 5 17 
16 14 0 16 17 3 19 16 2 1 13 6 0 18 16 2 17 9 8 16 
18 8 11 4 11 18 4 12 6 5 11 7 7 14 17 8 1 4 13 1 
12 0 17 12 13 19 6 8 5 13 12 12 5 10 17 9 1 8 1 19 
16 14 5 19 11 7 4 2 12 2 3 11 0 2 1 5 9 11 0 18 
14 19 12 1 8 6 0 12 19 9 13 14 1 7 2 18 3 5 6 11 
5 12 14 11 13 8 5 8 14 2 16 8 16 13 12 3 6 19 0 5 
10 1 3 8 0 11 15 8 9 2 11 17 0 4 7 19 16 0 15 17 
12 1 4 8 5 16 13 10 2 17 11 9 4 13 10 5 19 16 0 8 
7 18 19 12 6 16 6 11 16 3 18 16 3 14 4 10 18 3 7 2 
12 17 7 8 18 4 0 16 19 18 13 9 19 12 5 16 7 14 1 17 
10 16 8 13 2 19 7 4 2 3 13 18 13 2 15 19 5 17 12 5 
14 4 9 17 1 1 12 14 10 1 10 0 12 3 7 12 5 11 9 10 
6 0 14 0 4 14 0 8 14 11 5 3 15 4 13 7 11 3 0 0 
