25 true
11 11 13 6 7 17 18 17 6 5 9 15 9 7 8 9 12 7 4 2 2 19 13 5 17 
2 14 1 19 10 6 10 15 7 16 10 4 1 15 15 13 18 12 4 3 0 11 12 8 4 
10 6 8 13 18 7 15 17 1 8 8 10 2 4 12 5 0 13 0 8 12 16 4 15 9 
16 16 19 0 2 19 12 11 15 7 7 19 5 11 14 5 15 11 10 16 5 1 1 19 13 
9 3 12 12 1 5 3 17 19 3 6 0 11 4 19 8 4 19 15 4 12 14 2 9 0 
16 6 6 5 6 10 0 17 18 3 14 0 13 14 10 16 14 7 10 6 0 3 17 7 10 
4 14 2 18 0 19 4 18 8 11 0 3 13 12 13 5 14 7 17 3 6 10 1 2 4 
1 1 0 12 7 7 18 14 10 14 8 16 1 2 14 2 10 2 9 18 5 2 6 19 19 
0 19 9 10 9 5 1 5 15 11 1 2 16 10 12 0 11 0 5 11 7 16 15 16 13 
0 14 10 6 18 15 7 12 13 2 18 5 9 17 18 17 6 10 18 19 4 6 14 15 17 
12 13 9 3 10 9 11 14 9 11 5 3 3 0 14 4 9 10 19 0 16 13 12 9 13 
14 1 15 7 19 1 7 18 19 5 16 4 12 18 8 6 3 5 7 11 18 4 6 11 6 
8 15 15 3 15 1 19 17 5 4 13 10 9 0 11 5 13 11 19 3 14 15 19 18 13 
4 11 18 3 1 14 12 0 6 1 9 17 18 1 9 7 9 12 2 1 10 17 0 13 17 
10 3 10 9 7 8 17 4 18 1 16 8 5 17 16 13 10 8 13 8 16 11 6 19 3 
9 16 12 14 3 3 10 0 11 12 7 18 6 13 14 14 0 2 1 11 16 9 9 11 19 
16 6 14 14 6 4 18 16 12 19 2 2 12 2 2 4 0 15 11 16 0 11 16 18 4 
3 17 6 12 7 3 5 11 15 1 15 0 6 16 6 15 7 5 10 6 3 0 11 2 9 
19 8 9 17 10 2 17 7 0 7 10 16 15 7 7 15 10 7 11 17 10 17 11 9 8 
8 14 4 16 10 6 16 4 19 7 9 16 6 0 19 10 8 1 2 9 10 2 12 7 19 
3 19 2 3 10 4 5 9 15 19 15 11 7 4 7 11 16 5 10 9 12 14 11 10 10 
3 15 2 1 3 18 18 3 8 6 12 18 13 12 12 14 8 11 11 18 6 18 5 2 11 
10 13 1 18 8 1 6 15 12 3 11 9 11 10 13 13 6 13 19 19 15 9 16 1 4 
7 16 4 15 9 5 13 9 2 19 8 8 2 5 12 2 18 8 15 3 2 6 19 16 10 
16 16 14 1 9 5 13 19 1 7 8 15 10 0 2 18 11 13 9 12 4 14 7 17 2 
