25 true
3 8 16 6 9 15 19 19 13 13 6 8 19 9 14 19 11 18 6 13 19 15 8 12 11 
10 17 0 7 14 15 10 2 1 13 14 14 6 14 4 15 4 16 6 9 6 18 14 9 0 
0 9 11 7 0 10 10 16 0 7 4 18 12 2 17 8 8 12 1 5 13 0 5 13 5 
8 2 6 19 2 2 14 2 9 5 0 11 9 0 6 4 7 11 16 1 16 16 9 2 15 
16 11 12 0 12 6 8 10 13 5 13 18 2 12 11 8 19 1 0 19 5 12 13 10 19 
8 19 19 15 15 13 13 19 4 11 17 13 10 4 3 9 0 17 17 6 12 16 5 9 5 
19 10 13 5 8 8 15 14 1 6 1 16 1 5 2 14 6 19 1 19 2 1 10 12 12 
13 16 12 2 1 1 17 19 15 4 16 14 10 13 11 1 17 0 5 12 17 16 5 11 16 
17 16 5 17 2 2 12 7 11 3 1 15 16 7 1 4 1 1 11 2 9 5 5 8 5 
11 16 8 9 10 11 2 17 12 0 16 13 11 3 2 6 11 1 1 9 4 12 16 19 16 
1 1 0 9 11 12 1 13 17 0 14 6 9 9 8 7 19 0 2 6 3 12 19 0 8 
2 14 13 18 3 13 5 6 8 17 3 6 14 1 1 18 17 8 15 10 18 4 2 6 6 
10 4 16 2 11 7 16 11 5 2 16 3 6 2 12 10 18 5 12 13 4 0 5 15 10 
6 18 3 7 9 16 11 2 4 14 15 13 7 7 19 12 10 0 5 10 1 16 0 2 17 
14 13 9 6 9 12 0 1 17 4 14 5 16 10 2 3 8 19 19 11 4 8 13 16 4 
2 17 8 0 2 1 2 14 1 4 10 4 19 2 4 16 0 17 16 15 11 1 18 1 15 
18 12 16 0 2 1 5 7 9 2 12 5 7 7 14 9 17 10 12 13 9 3 11 6 14 
7 0 19 11 3 13 2 10 6 19 9 10 16 15 7 19 6 5 12 17 0 0 5 14 11 
8 14 11 17 9 9 5 8 17 10 6 18 14 18 15 18 1 6 8 17 6 16 0 6 6 
0 11 4 8 6 5 15 11 4 5 14 14 18 19 7 16 1 15 7 10 16 7 9 6 11 
8 11 12 2 7 0 12 8 9 16 10 9 10 1 6 9 5 2 10 14 6 7 9 3 8 
14 7 16 17 4 4 10 2 2 18 16 17 6 13 9 10 7 18 8 9 5 8 3 6 1 
11 2 5 2 12 9 0 3 14 7 5 13 2 5 11 13 13 7 11 2 17 14 2 0 10 
13 2 14 4 12 17 10 11 3 19 8 16 19 16 12 5 5 12 4 13 15 11 19 6 13 
13 18 8 15 9 12 17 9 1 0 5 9 7 1 11 7 5 6 14 14 6 2 1 7 19 
