15 true
4 1 17 2 15 15 16 7 9 12 12 11 17 0 14 
19 7 14 19 15 19 0 7 0 11 10 5 10 6 14 
14 7 19 18 10 1 13 3 11 16 15 8 14 12 6 
7 19 12 17 6 19 4 2 4 16 3 17 9 17 18 
13 5 16 11 9 5 11 1 9 17 3 19 3 1 0 
15 15 11 6 17 5 10 10 8 8 17 2 15 5 4 
9 0 3 17 4 16 8 8 5 9 19 7 15 18 5 
2 7 3 5 15 18 15 11 6 11 6 10 11 19 5 
4 19 18 9 12 8 3 3 18 16 10 14 3 6 12 
9 11 4 0 6 16 1 3 3 12 19 7 1 18 16 
19 3 11 0 9 8 4 9 12 13 13 2 9 0 12 
7 9 19 16 14 11 15 8 13 13 9 17 10 11 0 
10 16 2 19 18 16 15 7 7 8 11 8 19 12 9 
19 2 12 9 6 10 6 8 0 11 1 11 19 10 8 
5 15 11 2 0 13 11 7 1 19 0 19 13 9 2 
