20 true
4 8 0 16 1 18 0 9 6 12 18 15 2 2 6 8 1 17 19 3 
0 5 10 2 5 4 0 16 7 0 1 5 12 10 16 7 18 8 14 19 
3 16 18 18 2 2 13 14 8 8 9 15 2 17 17 14 15 6 1 15 
10 15 9 11 10 19 8 6 4 5 19 10 13 16 5 4 19 4 17 8 
15 7 11 18 19 2 6 1 2 19 2 11 14 19 6 15 12 6 0 6 
5 4 5 15 2 4 0 7 5 12 4 9 11 5 16 2 4 6 1 0 
3 4 15 3 7 9 5 12 10 17 7 11 10 4 12 6 9 9 8 9 
0 11 0 4 19 16 9 16 12 9 4 1 6 1 10 5 12 0 9 18 
17 13 9 4 16 18 6 19 5 12 3 11 5 3 13 9 11 5 10 18 
2 10 5 1 1 6 14 19 19 1 18 10 8 3 17 0 13 6 17 6 
4 1 11 3 11 16 0 12 4 5 17 11 7 1 18 18 4 18 18 8 
5 14 1 12 8 14 11 1 17 4 18 10 2 2 14 7 10 12 18 10 
10 0 7 4 3 18 15 5 4 10 8 2 7 13 8 12 3 12 0 14 
4 9 3 15 12 19 15 19 14 4 2 4 3 9 4 16 10 1 5 10 
7 5 5 5 6 0 2 6 1 4 5 4 12 9 6 5 18 0 13 9 
2 6 7 9 7 19 5 3 9 6 17 4 2 19 3 0 17 10 7 2 
19 6 11 2 17 12 18 10 16 16 12 15 9 0 0 13 17 1 10 8 
15 3 18 2 2 0 0 6 5 8 1 0 8 8 4 0 16 6 13 13 
9 9 7 2 7 9 9 18 7 9 9 2 5 14 17 10 18 4 18 18 
9 8 0 4 2 3 10 0 2 10 9 13 11 5 11 5 5 6 3 19 
