20 true
2 11 7 10 17 16 3 1 15 2 2 13 6 16 1 11 17 2 14 19 
18 16 15 16 0 5 0 6 5 15 12 0 3 19 2 1 14 12 0 4 
3 9 6 16 4 17 9 6 9 3 19 5 1 15 4 19 7 15 14 9 
2 6 8 2 18 15 6 19 13 0 0 9 15 3 6 6 18 8 9 8 
13 12 15 1 10 18 0 14 5 5 18 13 19 2 6 10 2 3 18 3 
3 18 14 16 13 11 17 9 19 8 5 6 6 10 2 12 15 10 4 18 
2 8 5 12 3 6 11 12 3 15 15 2 5 9 8 5 11 8 19 18 
2 3 4 7 11 19 14 17 2 10 9 1 6 4 1 5 0 11 14 11 
16 9 16 12 0 6 13 17 6 5 7 0 4 17 10 1 11 17 13 10 
4 13 15 2 14 6 6 3 1 11 11 12 5 5 18 15 6 19 16 19 
3 0 8 18 15 0 3 3 5 19 10 8 1 8 10 11 17 8 1 7 
17 16 16 1 2 15 9 10 19 17 16 13 12 0 0 13 7 1 3 3 
2 19 16 2 5 12 17 10 2 5 2 1 8 1 9 18 12 17 6 12 
4 1 0 8 12 0 13 2 18 13 13 0 0 14 17 7 15 4 14 14 
16 3 15 15 17 18 11 16 4 2 8 8 2 16 8 12 17 11 2 2 
1 3 4 8 15 10 5 13 14 17 10 1 0 3 18 8 7 2 1 0 
9 15 11 13 14 10 2 15 14 15 0 13 7 8 5 13 15 7 15 17 
11 2 3 8 10 0 10 3 19 4 6 9 19 10 9 16 8 0 11 4 
1 10 3 10 12 19 7 17 12 5 16 14 11 4 5 7 9 9 5 12 
13 19 10 16 16 15 6 13 11 1 15 10 11 3 11 4 4 12 15 1 
