15 true
13 8 18 15 7 4 11 4 1 8 15 15 18 11 14 
2 17 5 10 10 8 12 4 19 11 1 8 16 3 2 
18 5 12 3 7 10 6 3 3 19 12 11 14 7 2 
16 7 12 0 7 19 8 12 12 13 5 9 5 18 10 
3 17 10 4 12 9 3 7 4 10 13 19 3 16 5 
6 3 8 11 1 15 9 9 7 15 1 6 0 5 16 
5 17 7 15 7 7 4 18 14 13 10 13 5 3 0 
19 11 0 6 9 10 18 18 14 10 4 8 1 5 19 
15 11 11 18 15 11 9 18 12 6 17 16 3 8 3 
19 12 0 13 15 17 8 16 1 7 6 5 16 16 13 
16 16 3 15 18 19 5 6 9 8 14 10 10 4 13 
14 9 5 1 1 5 14 5 2 1 13 18 6 3 9 
8 6 15 12 15 10 17 3 15 7 12 6 4 9 18 
10 7 18 18 3 12 16 1 1 16 10 2 7 14 1 
15 8 2 13 15 8 7 15 5 8 11 4 0 14 2 
