15 true
2 12 4 4 18 13 15 0 13 15 0 9 11 8 5 
1 14 2 10 5 15 12 3 8 17 11 16 9 3 5 
17 8 16 8 5 18 18 8 18 11 3 18 18 15 14 
9 17 8 1 18 7 8 4 2 13 9 3 12 13 1 
12 15 17 18 5 15 4 12 3 11 12 12 10 18 17 
15 12 14 2 11 11 15 14 10 7 7 6 8 1 18 
2 3 19 19 10 13 13 14 4 8 13 18 6 2 6 
18 6 8 6 5 0 4 6 19 6 9 11 9 17 12 
10 15 19 12 8 18 11 16 5 8 8 15 17 8 2 
2 15 6 19 7 19 10 13 6 10 5 9 19 9 16 
0 1 11 10 11 17 0 2 5 2 17 8 3 7 16 
11 3 19 14 7 2 7 12 8 5 3 3 15 10 14 
16 9 3 11 5 2 14 1 10 18 15 11 1 10 3 
14 19 15 2 3 14 5 0 9 9 10 8 13 10 3 
6 5 7 10 14 11 14 8 17 16 9 16 15 17 10 
